null#
# M e s s w e r t t a b e l l e  der Reihen:
#
# ^ATX_Close [247,247] Werte
# ^FTLC_Close [252,252] Werte
# ^GSPC_Close [250,250] Werte
# ^AEX_Close [256,256] Werte
# ^KLSE_Close [245,245] Werte
# ^TWII_Close [247,247] Werte
# ^NZ50_Close [213,213] Werte
# ^MXX_Close [252,252] Werte
# ^BSESN_Close [247,247] Werte
# ^KS11_Close [248,248] Werte
# FDAX.EX_Close [254,254] Werte
# ^AORD_Close [253,253] Werte
# ^IPSA_Close [247,247] Werte
# ^BVSP_Close [246,246] Werte
# ^FCHI_Close [256,256] Werte
# ^STI_Close [253,253] Werte
# GD.AT_Close [261,261] Werte
# ^SSMI_Close [257,257] Werte
# ^N225_Close [248,248] Werte
# 000001.SS_Close [243,243] Werte
# ^HSI_Close [251,251] Werte
#
#
Y	Y	Y	Y	Y	Y	Y	Y	Y	Y	Y	Y	Y	Y	Y	Y	Y	Y	Y	Y	Y	Y	
1330646400000.0000	2228.1000	3133.8100	1369.6300	327.8500	1583.7800	8144.0400	3375.8100	38327.4300	17636.8000	2034.6300	6921.3700	4364.1000	4552.3400	67782.0000	3501.1700	2993.4900	749.3200	6149.4000	9777.0300	2460.6900	21562.2600	
1345507200000.0000	2090.8300	3112.7000	1413.1700	335.9200	1522.2900	7506.8100	3687.7400	40096.6400	17885.2600	1943.2200	7089.3200	4410.8000	4262.0400	58918.0000	3513.2800	3065.7700	642.8400	6518.3000	9156.9200	2118.2700	20100.0900	
1326240000000.0000	1893.9700	2980.9900	1292.4800	311.6500	1550.4900	7188.2100	3236.5300	37307.6400	16175.8600	1845.5500	6152.3400	4242.9000	4204.1900	59962.0000	3204.8300	2747.1300	629.0800	6008.0000	8447.8800	2276.0500	19151.9400	
1329350400000.0000	2171.4400	3109.7500	1358.0400	325.1800	1670.6000	7869.7000	3286.4500	38212.2400	18153.9900	1997.4500	6751.9600	4257.2000	4490.6600	66142.0000	3393.2500	2977.2000	785.0200	6217.3000	9238.1000	2356.8600	21277.2800	
1355961600000.0000	2411.7700	3186.5900	1443.6900	346.6000	1631.6800	7595.4600	3467.9800	43637.6800	19453.9200	1999.5000	7672.1000	4646.6000	4291.5600	61276.0000	3666.7300	3175.5200	880.7000	6912.8000	10039.3300	2168.3500	22659.7800	
1352851200000.0000	2175.9000	3052.8400	1355.4900	330.6700	1593.4400	7159.7500	3548.0600	40750.4200	16292.9800	1894.0400	7101.9200	4410.7000	4187.7300	56279.0000	3400.0200	2978.0300	794.7200	6677.0000	8664.7300	2055.4200	21441.9900	
1333584000000.0000	2059.7300	3042.0000	1398.0800	314.9100	1584.3200	7639.8200	3809.1500	38888.7900	18430.8500	2028.7700	6775.2600	4402.3000	4647.9900	63691.0000	3319.8100	2986.2000	707.6000	6163.5000	9767.6100	2302.2400	20593.0000	
1336694400000.0000	2040.8500	2960.7500	1353.3900	305.2800	1674.6700	7401.3700	3330.3300	41599.0000	18673.3400	1917.1300	6579.9300	4342.7000	4476.3000	59445.0000	3129.7700	2887.3400	611.9600	5954.9000	8953.3100	2394.9800	19964.6300	
1351555200000.0000	2176.3700	3120.1600	1456.8900	332.3500	1612.3800	7182.5900	3481.9600	40561.2200	17848.5700	1899.5800	7284.4000	4505.7000	4260.7800	57684.0000	3459.4400	3038.7300	815.5400	6633.1000	8841.9800	2062.3500	21428.5800	
1348444800000.0000	2140.3500	3113.2700	1350.5000	331.8400	1566.0500	7768.3000	3307.2200	37831.8700	17601.7100	2003.4400	7413.1600	4409.2000	4211.0600	61910.0000	3497.2200	3067.9300	754.4800	6597.2000	9069.2900	2033.1900	20694.7000	
1329177600000.0000	2175.7100	3117.9400	1402.8900	321.8700	1582.5300	7884.0800	3463.7000	38434.5100	16863.3000	2002.6400	6728.1900	4318.9000	4435.1800	65039.0000	3375.6400	2987.4100	818.1000	6163.8000	9052.0700	2344.7700	20917.8300	
1332288000000.0000	2210.5000	3129.3300	1313.0100	330.7800	1513.5500	7981.9400	3416.0900	37241.6100	17158.4400	2027.2300	7071.3200	4347.0000	4620.5100	66860.0000	3527.3700	3005.6300	767.6000	6290.0000	10086.4900	2378.2000	20856.6300	
1327881600000.0000	2062.5300	2992.8300	1362.6600	315.6300	1643.0000	7407.4100	3481.3400	40808.7300	16677.8800	1940.5500	6444.4500	4334.4000	4222.4000	62770.0000	3265.6400	2888.2900	750.0400	5970.7000	8793.0500	2285.0400	20160.4100	
1342742400000.0000	1954.5900	3001.1900	1329.1000	319.7500	1570.9400	7164.6800	3519.8600	37440.4800	19305.3200	1822.9300	6630.0200	4230.6000	4384.5000	54195.0000	3193.8900	3015.5300	630.8400	6284.8000	8669.8700	2168.6400	19640.8000	
1339632000000.0000	1888.0900	2894.9400	1409.4600	291.9800	1607.3500	7075.1000	3834.1500	42323.8400	17207.2900	1871.4800	6138.6100	4089.8000	4274.4100	55352.0000	3032.4500	2773.8100	550.1000	5908.5000	8568.8900	2295.9500	18808.4000	
1354492800000.0000	2304.4000	3132.5700	1371.9700	337.2800	1582.2800	7599.9100	3663.3400	38849.0800	16312.1500	1940.0200	7435.2100	4540.0000	4158.6600	58202.0000	3566.5900	3065.7400	819.3900	6838.7000	9458.1800	1959.7700	21767.8500	
1335225600000.0000	2062.1400	3031.5700	1313.3200	304.6800	1575.1700	7498.8400	3227.4600	38070.6700	17222.1400	1963.4200	6590.4100	4433.9000	4565.2000	61971.0000	3169.3200	2974.3700	697.8200	6124.8000	9468.0400	2388.8300	20677.1600	
1338336000000.0000	1884.5900	2814.0200	1382.2000	290.6600	1591.2800	7261.8000	3581.7900	39432.1500	18762.7400	1844.8600	6280.8000	4148.7000	4270.7600	53798.0000	3015.5800	2783.9500	511.2900	5902.8000	8633.1900	2384.6700	18690.2200	
1333929600000.0000	2089.7400	3062.6600	1440.6700	323.1800	1636.6600	7600.8700	3444.6300	40799.2400	17850.2200	1997.0800	7216.1500	4406.3000	4606.0200	62923.0000	3354.8200	2960.1000	707.6000	6495.9000	9546.2600	2285.7800	20840.3800	
1348790400000.0000	2055.5300	3069.2700	1402.0800	330.0600	1651.6100	7715.1600	3931.8800	39879.0100	16154.6200	1996.2100	6949.5700	4411.8000	4230.4200	59176.0000	3432.5600	3060.3400	739.1200	6453.9000	8870.1600	2086.1700	20132.2400	
1345680000000.0000	1923.6400	2968.4100	1289.0900	309.2800	1523.0700	7505.1700	3809.3200	36548.5600	17600.5600	1942.5400	6143.0800	4255.4000	4205.2700	58512.0000	3196.4900	3056.3700	629.6900	5996.3000	9178.1200	2113.0700	19204.4200	
1326412800000.0000	2052.9700	3100.2200	1402.2200	332.0400	1635.9200	7181.5400	3449.3000	40851.1800	17425.7100	1875.6800	6966.1500	4332.9000	4205.0500	59147.0000	3438.2600	2791.5400	644.9400	6458.0000	8500.0200	2244.5800	20065.5200	
1344384000000.0000	2021.4700	3018.5200	1374.0200	314.3400	1607.7400	7319.8000	3744.9600	40434.7100	18561.7000	1903.2300	6578.2100	4166.4000	4176.3000	58951.0000	3271.2000	3052.2500	611.5000	6194.1000	8881.1600	2160.9900	19735.5300	
1341273600000.0000	2089.7800	3130.5000	1427.5900	335.4300	1675.6900	7418.3600	3563.2000	41761.7800	18632.1700	1867.8200	7335.6700	4479.9000	4420.3200	55780.0000	3475.4000	2945.3300	620.0700	6660.3000	9066.5900	2229.1900	21821.8700	
1351728000000.0000	2179.4100	3074.8200	1433.3200	328.0500	1619.3000	7179.6400	3301.7900	40332.9800	17361.7400	1898.4400	7276.5100	4382.5000	4200.4800	58383.0000	3414.8400	3026.6100	761.2400	6540.4000	8946.8700	2104.4300	20527.7300	
1348617600000.0000	2127.7100	3109.0300	1397.1100	326.1900	1585.8300	7669.6300	3916.3600	38334.9000	17852.9500	1980.4400	6995.6200	4360.7000	4617.6900	60478.0000	3476.1800	3046.6800	755.0900	6240.3000	8906.7000	2004.1700	20668.8000	
1332460800000.0000	2039.5200	3087.4300	1433.5600	336.1100	1614.2400	8076.6100	3452.0000	39998.9700	17412.9600	2026.8300	7310.1100	4348.3000	4190.2800	65813.0000	3537.3000	2990.0800	772.6600	6503.3000	10011.4700	2349.5400	19857.8800	
1347321600000.0000	2138.2400	3082.7200	1394.2300	330.4000	1639.4300	7485.1300	3520.8200	41096.4400	17300.5800	1920.0000	6918.7200	4292.9000	4190.1800	59423.0000	3401.5600	3016.4000	731.5100	6463.0000	8807.3800	2120.5500	19998.7200	
1344211200000.0000	2318.1100	3059.6500	1324.0900	325.1500	1613.7900	7286.3300	3401.8300	37709.6500	19391.8600	1885.8800	6616.6400	4291.0000	4316.3700	58345.0000	3367.4600	3071.8200	608.6200	6069.9000	8726.2900	2154.9200	20333.3700	
1328054400000.0000	2094.9600	3144.8400	1409.2800	338.8500	1579.6900	7549.2100	3465.3900	42416.2900	17130.6700	1959.2400	7454.5500	4528.0000	4149.5000	64567.0000	3590.5000	2904.7600	796.1000	6852.0000	8809.7900	2268.0800	22270.9100	
1354665600000.0000	1862.2200	3052.8200	1399.9800	310.5500	1573.5900	7649.0500	3315.5700	39212.1600	15965.1600	1947.0400	6739.9000	4445.0000	4559.3400	57679.0000	3229.3200	3075.9200	818.7100	6122.4000	9468.8400	2031.9100	20809.7100	
1335398400000.0000	2201.1500	2791.6200	1278.0400	283.7700	1624.2000	7521.3500	3577.8000	37182.3700	18329.3200	1964.0400	6050.2900	4116.9000	4179.7000	62198.0000	2950.4700	2981.4700	696.6600	5777.5000	9561.8300	2404.7000	18558.3400	
1338508800000.0000	2168.1900	3068.4600	1387.8100	326.0200	1654.4400	7106.0900	3484.2000	41184.0000	18713.5500	1834.5100	7172.9900	4407.5000	4280.5100	59602.0000	3462.0600	2745.7100	501.9000	6619.0000	8440.2500	2373.4400	21228.2800	
1353369600000.0000	2110.9400	3096.2600	1440.1300	329.4500	1589.9100	7145.7700	4057.8200	42008.5500	17173.2900	1890.1800	7261.2500	4505.5000	4483.7500	53403.0000	3420.2800	2958.8200	821.2300	6704.2000	9142.6400	2008.9200	21148.2500	
1350259200000.0000	2052.3100	3052.7200	1343.3600	317.5300	1560.5700	7418.9000	3444.7900	37487.6300	17199.4000	1925.5900	6633.1100	4295.5000	4547.1400	65114.0000	3362.5600	3043.0500	834.9900	6047.5000	8577.9300	2098.7000	20806.2500	
1330992000000.0000	2240.9800	2995.8300	1368.7100	307.7700	1645.3600	7937.9700	3534.9200	39167.1400	17557.7400	2000.3600	6674.7300	4327.3000	4540.9500	61293.0000	3237.6900	2932.0100	755.0600	6059.8000	9637.6300	2410.4500	20140.6700	
1334102400000.0000	2050.0400	3145.1400	1405.8700	332.5800	1614.4300	7656.6700	3555.8700	38296.6800	17538.6700	2024.9000	6948.2500	4332.8000	4187.6500	59281.0000	3472.5400	2949.2500	723.6100	6243.0000	9458.7400	2308.9300	21424.7900	
1329696000000.0000	1997.8300	3101.9800	1367.5800	333.5000	1669.4000	7954.8200	3312.2300	40850.0000	19255.0900	1946.4000	6944.5600	4302.8000	4426.2000	56379.0000	3435.6200	3054.2000	825.7500	6483.4000	9485.0900	2363.6000	20136.1200	
1344556800000.0000	1909.9500	3018.7200	1426.6600	312.9700	1561.0700	7441.1200	3460.7000	40040.6900	16328.2500	1875.4900	6535.5600	4209.9000	4292.7000	56238.0000	3229.3600	2971.4700	618.2300	6202.3000	8891.4400	2168.8100	19809.1300	
1341446400000.0000	1976.1000	3183.7300	1330.6600	344.5200	1604.3900	7387.7800	3455.6800	43533.4500	16896.6300	1981.8200	6401.0600	4645.6000	4357.9000	57167.0000	3652.6100	3168.5700	637.0500	6889.5000	9079.8000	2201.3500	22541.1800	
1356307200000.0000	2118.9400	2886.7400	1355.6900	296.2400	1570.6100	7535.5200	4041.5300	37939.6300	17318.8100	1898.9600	6392.1300	4316.3000	4396.7800	61820.0000	3039.2700	2876.7000	896.8800	5865.2000	8900.7400	2159.0500	19894.3100	
1337040000000.0000	2131.8700	2982.4700	1397.9100	302.9500	1628.4000	7395.6400	3965.1800	38973.6400	18021.1600	1904.1200	6761.1900	4176.8000	4585.7700	61958.0000	3126.5200	2855.6800	562.8800	6017.9000	8752.3100	2374.8400	19518.8500	
1340150400000.0000	2215.6200	3049.8300	1459.9900	308.3000	1538.7700	7334.6300	3413.7900	39461.0000	17604.9600	1981.9900	7310.3200	4467.2000	4184.7700	65217.0000	3212.8000	2978.5700	603.0400	6096.3000	8995.1500	2292.8800	21094.2100	
1335744000000.0000	1893.4100	3102.5500	1344.9000	334.6000	1632.5700	7501.7200	3487.1700	40655.6100	16918.0800	1950.6900	6766.6700	4359.8000	4382.0500	52639.0000	3502.0900	3030.1400	699.9100	6513.2000	8831.9300	2110.3800	20047.6300	
1347494400000.0000	1917.6600	3118.1100	1338.3100	326.3300	1582.7300	7578.8000	3623.2300	38092.8100	16705.8300	1972.3400	6390.4100	4320.1000	4321.1700	56195.0000	3427.9200	2917.9500	741.7600	6153.3000	8488.0900	2330.4100	20756.9800	
1328227200000.0000	2325.7900	2920.8400	1344.7800	311.7400	1617.7700	7674.9900	3871.2500	40697.8700	19424.1000	1793.9300	6248.2000	4161.2000	4337.4300	58487.0000	3074.6800	3002.0100	762.1500	6174.9000	8721.0200	2146.5900	18903.2000	
1343088000000.0000	2213.7300	2911.3200	1418.0700	297.0100	1618.5500	7008.3500	3234.8000	38060.8200	18517.3400	1891.7100	7517.8000	4183.9000	4136.9700	56437.0000	3066.1900	2824.2200	586.6400	5938.8000	9527.3900	2316.0500	19427.8100	
1339977600000.0000	2227.3200	3158.1000	1460.9100	342.6100	1660.6700	7281.5000	3328.2300	42797.6700	18610.7700	1957.4500	7244.9900	4555.9000	4139.6800	60087.0000	3605.6100	3107.1100	580.6700	6925.3000	9366.8000	2061.7900	22191.1700	
1354838400000.0000	2157.0800	3089.7300	1365.9100	327.7000	1578.3600	7642.2600	3399.2000	42032.3500	17094.5100	1899.5000	7394.5500	4432.4000	4311.6600	66908.0000	3498.2200	2986.6300	840.7300	6679.1000	8806.5500	2015.6100	21743.2000	
1353542400000.0000	2043.1100	3151.5600	1370.2600	335.6900	1603.1200	7105.7600	3521.5100	42559.9800	17678.8100	1955.1500	6834.5400	4550.9000	4515.3400	62106.0000	3527.5000	3045.6700	846.8000	6786.4000	9768.9600	2105.6200	21416.6400	
1350432000000.0000	2046.3900	3107.3000	1410.4400	325.1100	1648.1300	7464.4000	3483.9600	37815.4300	16466.0500	2000.7600	6583.9000	4262.2000	4527.4600	58111.0000	3478.3600	2970.3800	865.2200	6153.9000	9637.9900	2420.2800	20900.7300	
1331164800000.0000	2125.2700	3006.4500	1445.7500	306.1200	1651.0300	7984.5600	3614.9700	38444.0100	18145.2500	2008.9100	7047.4500	4404.2000	4156.3700	59222.0000	3189.0900	2987.8200	768.9000	6072.1000	9085.3900	2359.1600	20701.0400	
1334275200000.0000	1950.0200	3099.3800	1293.6700	332.3500	1519.3600	7788.2700	3452.3700	39972.8500	19417.4600	1917.8700	7305.8600	4372.9000	4245.3900	60646.0000	3462.8300	3044.4900	714.7800	6491.3000	8786.0500	2055.7100	19798.6700	
1346025600000.0000	2182.9600	2999.6200	1357.6600	327.2400	1560.5200	7468.2200	3485.7400	41199.2900	15517.9200	1996.0300	6332.9300	4451.9000	4228.7300	66093.0000	3414.2300	3079.1400	646.0800	6613.5000	8466.4000	2298.3800	19627.7500	
1349136000000.0000	1941.0300	3133.0300	1419.8300	315.6400	1671.5800	7718.6800	3988.1600	36601.2000	16070.4800	1892.7400	6843.8700	4277.7000	4519.4400	60960.0000	3269.9900	2815.8500	780.9400	6056.2000	9554.0000	2403.5900	21549.2800	
1326758400000.0000	1910.1100	2836.4500	1304.8600	326.7700	1544.2100	7221.0800	3420.7900	37912.5500	16972.5100	2028.6500	6075.5200	4372.1000	4301.0000	57829.0000	3447.3700	2995.5900	656.5200	6192.4000	10230.3600	2219.1300	22541.1800	
1329868800000.0000	2348.2000	2925.3500	1335.0200	316.8200	1603.0700	8001.6800	3881.9900	43495.7400	19387.1400	1982.2500	6308.9600	4208.5000	4158.0600	54038.0000	3222.3000	3180.8100	751.9600	6889.5000	8876.5900	2378.8900	19200.9300	
1356480000000.0000	2221.3800	3163.0900	1427.8400	290.2300	1641.5700	7634.1900	3628.3900	37335.0300	18762.8700	1826.3700	6263.2500	4093.8000	4277.3300	55440.0000	3011.9900	2822.6100	896.8800	5872.7000	8798.3500	2074.7000	18995.1300	
1325462400000.0000	2189.5600	3117.8000	1417.2600	298.7600	1654.0400	6952.2100	3264.7400	37261.2400	17257.3600	1845.2400	7589.7500	4581.3000	4358.8400	59623.0000	3090.9000	2828.0900	673.7100	5989.3000	9525.3200	2114.0300	22323.9400	
1337212800000.0000	2103.8600	3120.9800	1412.5200	344.1200	1588.1000	7356.7700	3319.7600	39071.5000	17301.9100	1847.3900	7326.4700	4493.6000	4198.7700	58210.0000	3646.1500	3118.3300	536.4900	6973.7000	9007.4400	2347.1800	22006.4000	
1340323200000.0000	2142.1900	3061.2800	1402.3100	335.0800	1582.3900	7222.0500	3608.8800	43183.2800	17587.6700	1964.6200	7078.9000	4391.6000	4261.8100	66037.0000	3448.5000	3031.6900	608.4100	6706.3000	10255.1500	2438.4400	21046.9100	
1355184000000.0000	1963.7600	3126.3100	1371.0900	328.9900	1564.7500	7613.6900	3480.1900	41722.1400	16639.8200	1908.2200	6710.7700	4504.8000	4690.1500	62424.0000	3469.5900	3018.9100	872.0300	6269.4000	9380.2500	2434.8600	21309.0800	
1352073600000.0000	2194.1500	2960.3700	1360.0200	306.8700	1623.9100	7185.3600	4080.9000	38956.3200	18682.3100	2039.7600	6901.3500	4288.2000	4554.3900	66385.0000	3226.3300	3006.1400	829.0700	6108.8000	9889.8600	2126.0000	21134.1800	
1332806400000.0000	1867.7900	3145.7200	1285.5000	326.1000	1666.3500	8029.4600	3288.1100	39597.4200	16020.6400	1999.0700	6582.9600	4173.8000	4525.6700	54003.0000	3490.0600	2966.1100	752.7000	6189.9000	8443.1000	2311.9200	18892.7900	
1335916800000.0000	2146.1500	3109.9400	1433.1900	320.4900	1560.3600	7676.8100	3495.4400	37590.1700	19058.1500	2002.5000	5969.4000	4092.4000	4235.7900	58922.0000	3207.1200	3004.5700	686.1900	6277.7000	8382.0000	2128.3000	18259.0300	
1331510400000.0000	2024.7800	3051.2400	1461.4000	284.9900	1661.4700	7927.5500	3549.7800	40977.3200	17490.8100	1782.4700	7380.6400	4593.5000	4265.3800	52481.0000	2986.1000	3048.9200	733.8900	5714.6000	9002.6800	2053.2400	21551.7600	
1343260800000.0000	2001.0200	3029.1500	1410.4900	334.1700	1645.5800	6970.6900	3817.2300	37089.3600	16643.7400	1943.8400	7305.2100	4472.6000	4205.5200	58458.0000	3504.5600	3086.6400	583.2000	6756.1000	8824.5900	2296.0700	20907.9500	
1338854400000.0000	2212.6100	3144.4000	1314.5000	327.6600	1516.8100	7000.4500	3315.1400	42386.8300	17923.5700	1801.8500	7010.5700	4381.5000	4277.2200	57369.0000	3401.2000	3041.5700	476.3600	6631.4000	9069.8100	2439.6300	19788.5100	
1350604800000.0000	2055.5100	3111.3100	1365.7400	330.1500	1558.7700	7408.7600	3498.9900	41421.7400	17728.2000	1992.6800	6416.2600	4278.6000	4155.2200	61927.0000	3413.8900	2811.2000	870.6400	6422.0000	8639.6800	2142.5200	19942.9500	
1349308800000.0000	1947.1600	2983.3900	1403.9300	320.4800	1652.9000	7682.3400	3295.0200	39908.9000	17391.9800	1928.5400	6864.4300	4389.0000	4268.9400	65943.0000	3328.9400	2978.0800	790.0400	6194.5000	9647.3800	2170.8100	21406.8600	
1346198400000.0000	2401.2100	3169.1700	1352.4600	324.9100	1620.3100	7391.1500	3473.9600	37680.0600	19444.8400	1914.9700	6974.3900	4317.4000	4512.1600	58083.0000	3467.0300	3087.8400	640.8400	6184.1000	8929.8800	2233.2500	20291.6800	
1326931200000.0000	1938.3600	2976.2900	1402.4300	332.8900	1681.3300	7959.3400	3666.6800	37945.2200	15882.6400	2019.8900	6387.5700	4159.8000	4184.5200	60952.0000	3450.2700	2929.0800	689.7500	6506.0000	8896.8800	2169.3900	19428.0900	
1330041600000.0000	2369.8000	3165.9600	1277.3000	308.4000	1504.2200	7479.2500	3480.5400	40644.9700	19229.2600	1956.9600	7612.3900	4685.3000	4376.6200	59365.0000	3156.8000	3191.8000	749.6900	6160.8000	10395.1800	2061.4800	22666.5900	
1344902400000.0000	2203.8300	3093.4600	1419.4500	342.0000	1652.7500	7309.9600	3616.2000	39963.2600	18902.4100	1836.1300	6111.5500	4239.5000	4301.3800	59317.0000	3620.2500	2711.0200	621.7700	6822.4000	8560.1100	2105.7300	18727.3100	
1341792000000.0000	2145.3000	3052.2600	1394.5300	314.5300	1645.5300	7699.5000	3478.8400	43721.9300	17058.6100	1997.0500	7581.9800	4592.9000	4198.1200	58517.0000	3193.6500	3156.5500	642.6200	6058.1000	9742.7300	2252.1600	22445.5800	
1356652800000.0000	2079.5300	3002.3600	1403.2800	343.8300	1585.4400	7082.9700	3253.4300	37387.6300	16831.0800	1866.2200	7232.8300	4534.2000	4230.8200	64872.0000	3643.1300	3043.2700	901.3600	6919.5000	8972.8900	2452.0100	22099.8500	
1325635200000.0000	2145.8000	3093.9300	1369.1000	332.8700	1591.0400	7757.0900	3381.3200	43006.3100	18710.0200	2002.7700	6875.1500	4422.0000	4256.3400	60821.0000	3409.5900	2994.0900	662.2900	6697.6000	10114.7900	2114.4500	20609.3900	
1355356800000.0000	2197.9800	3144.7400	1413.1100	321.0900	1664.9000	7287.1800	3493.3900	41010.9800	18542.3100	1937.5500	6561.4700	4459.4000	4650.0700	57690.0000	3381.1200	2990.5900	859.7600	6176.3000	9014.2500	2078.5000	21086.0000	
1352246400000.0000	2233.2400	3111.6300	1461.1900	300.9500	1575.7100	7872.6600	3957.9200	39125.3500	17622.4500	2014.4100	7173.6900	4568.0000	4529.2100	61806.0000	3161.9700	3050.9300	825.8000	6056.8000	8917.5200	2291.9000	20658.1100	
1332979200000.0000	2198.0600	3157.2900	1347.0500	326.7500	1607.8800	7700.9500	3990.4900	39408.6100	17919.3000	1989.1500	7403.6900	4421.8000	4235.6700	65917.0000	3406.5000	3078.7200	734.7700	6626.8000	10050.5200	2391.2300	20699.1900	
1336089600000.0000	2090.2900	3050.3200	1394.2800	337.1500	1575.3100	7337.4800	3797.9000	42041.1400	16751.7300	1926.8100	6754.2000	4344.9000	4362.7400	68257.0000	3553.6900	2957.7800	689.8600	6552.3000	8765.9000	2017.4600	21307.8900	
1350950400000.0000	2244.8800	2892.2500	1316.0000	325.9700	1596.1900	7762.2200	3326.7400	40621.4600	18537.0100	2002.3500	7079.4200	4375.6000	4551.5000	62386.0000	3411.5400	3026.4000	873.5100	6157.6000	9388.9400	2293.1300	20110.3700	
1347840000000.0000	2073.7800	3087.1100	1406.2900	333.2000	1650.0900	7707.4400	3505.0200	38062.4200	16649.0500	1981.5900	6436.6200	4287.6000	4248.1700	56737.0000	3564.5100	2849.3800	734.9900	6300.4000	8639.7200	2334.9900	18678.2900	
1328572800000.0000	2016.5500	3063.5500	1314.9900	323.0200	1629.4500	8125.2600	3676.0200	37971.4400	17357.9400	2045.0800	6144.2200	4156.7000	4132.7500	62699.0000	3338.4200	2759.2600	802.2100	6127.7000	9464.7100	2047.5200	21861.8100	
1331683200000.0000	2084.8900	3037.2200	1390.7800	292.9000	1514.1300	7080.3100	3518.8900	37195.7300	17380.7500	1908.5100	7292.0300	4443.5000	4284.4800	57061.0000	3071.1600	3004.5000	744.7700	5869.2000	8839.9100	2112.2000	20562.3100	
1327276800000.0000	1960.3400	3097.2700	1406.5800	330.9000	1538.9100	7407.3700	3280.1000	37247.3400	17657.2100	1847.9500	6801.0000	4368.8000	4517.9800	59446.0000	3500.9400	2986.5900	744.2600	6681.9000	9092.7600	2175.3800	19482.5700	
1339027200000.0000	1913.0000	3000.0100	1415.5100	313.1800	1594.1000	7585.8700	3923.9100	41878.2700	17489.1400	1985.3000	6970.7900	4339.0000	4155.6800	53569.0000	3292.5100	3025.4600	492.1900	6200.3000	8851.0000	2163.4000	19962.9500	
1353888000000.0000	1855.4500	2966.6600	1341.4500	329.2800	1641.0800	7397.0600	3486.2300	39355.1700	15867.7300	1905.1200	6996.2900	4353.5000	4214.6200	58600.0000	3413.0700	3062.8900	844.5700	6388.0000	8390.3500	2348.3000	19419.8700	
1334620800000.0000	2183.2600	2815.1800	1277.8100	333.7500	1671.8900	7490.2100	3525.1900	39421.6500	16183.2600	1957.9100	6453.8500	4135.0000	4365.5300	56590.0000	3480.4900	2989.3100	720.9800	6518.4000	8633.8900	2222.0700	18593.0600	
1346371200000.0000	2146.8600	2888.9800	1315.9900	312.5500	1646.1100	7257.9100	3309.8000	40714.8700	16906.5800	1826.3900	6057.9200	4164.5000	4201.4800	53837.0000	3157.2500	2715.5900	646.8200	6174.8000	8663.9900	2069.0700	18922.3200	
1345075200000.0000	2166.1100	3079.1800	1319.9900	311.1100	1565.3200	7120.5100	3495.4100	40221.8000	18683.6800	1843.1400	6331.0400	4124.4000	4324.0100	57358.0000	3137.3600	2805.6300	631.5600	6013.8000	8757.6000	2101.5800	18981.8400	
1341964800000.0000	2245.7000	3100.0400	1379.8500	290.5400	1571.4000	7192.2300	3401.3400	36804.0500	18758.6300	1799.1300	6136.6900	4056.3000	4237.7800	57837.0000	3027.1500	3009.5600	605.7500	5814.6000	9055.2000	2067.8300	21384.3800	
1325808000000.0000	2238.8600	3138.6900	1412.9700	294.0500	1654.1100	7137.9300	3510.2000	37512.4100	17830.7500	1817.8100	7163.5000	4482.5000	4236.1200	61652.0000	3012.7100	3057.5100	647.5800	5957.7000	9232.2100	2349.5900	21810.2300	
1337558400000.0000	2017.8600	3115.5200	1461.0500	331.9300	1632.3500	7293.2200	3493.6100	39339.1500	17466.2000	1904.4100	7200.2300	4533.5000	4403.9500	65530.0000	3423.5700	3075.6300	544.5600	6715.2000	9002.2400	2404.7400	20841.9100	
1340668800000.0000	2019.1100	3168.0900	1351.9500	329.2500	1519.7600	7262.0800	3552.0600	40677.0700	17440.8700	1924.5000	7390.7600	4440.4000	4585.9500	67684.0000	3411.5300	2981.1700	575.8300	6606.6000	10129.8300	2043.6500	21010.0100	
1352419200000.0000	2063.8300	3019.6300	1404.1700	335.7100	1606.5200	7781.9100	3809.5700	41877.2700	17143.6800	2007.8800	6788.8000	4357.1000	4118.5100	56234.0000	3531.8200	3010.6800	801.9900	6570.7000	8775.5100	2109.9100	21317.8500	
1351123200000.0000	2257.5400	3022.9800	1404.9400	325.1200	1596.6200	7910.7800	3693.5400	40941.3100	17077.1800	2014.6200	7157.8200	4364.7000	4244.2300	57241.0000	3424.7100	3011.5500	881.2200	6169.6000	8635.4400	1973.5200	19429.9100	
1348012800000.0000	2036.3300	3018.6400	1385.3000	336.1700	1551.1200	8054.9400	3530.6500	38242.2800	17503.7100	2034.4400	6932.5800	4325.5000	4219.4700	56539.0000	3594.8300	3032.8000	753.0600	6341.3000	8883.6900	2378.6300	19585.4000	
1328745600000.0000	1921.0700	3096.3900	1326.0600	328.6600	1660.2200	7451.3500	3294.6400	38258.4500	16217.8200	1907.1300	6774.0600	4266.9000	4112.9400	62618.0000	3399.0400	2891.6400	823.9600	6362.8000	9308.3500	2333.5500	21708.9800	
1331856000000.0000	2148.3700	3053.1300	1409.9300	328.6500	1556.7300	7158.8800	3468.8600	39549.4300	18708.9800	1843.7900	6421.8500	4329.1000	4541.0400	54463.0000	3320.7100	3011.7700	764.8000	6402.4000	9588.3800	2074.4200	20995.0100	
1346716800000.0000	2197.7200	2836.1400	1376.9200	319.4400	1626.3800	7434.9300	3454.2400	41333.1100	17731.1200	1952.2300	7343.4100	4462.6000	4254.6100	59317.0000	3312.4800	3008.2100	651.7700	6073.4000	8580.3900	2451.8600	18713.4100	
1343606400000.0000	1960.8100	3117.0900	1317.8200	334.2800	1539.7100	7622.6900	4050.0900	37212.8600	17213.7000	1912.7800	6671.2200	4441.3000	4303.2500	65959.0000	3515.1900	2772.7500	599.4800	6756.5000	9722.5200	2185.9000	20824.5600	
1327449600000.0000	1920.1900	3141.1700	1455.8800	306.7600	1594.2400	7071.6300	3888.1400	41912.9500	15948.1000	1999.8600	6339.9400	4081.2000	4520.7900	54331.0000	3174.0200	3076.6500	737.2600	6203.8000	8724.1200	2363.4400	21568.7300	
1354060800000.0000	1885.1000	3003.4300	1372.1800	292.7600	1648.5800	7615.8900	3330.8500	39395.6400	16990.7600	1824.1700	7291.2100	4502.0000	4372.6700	54619.0000	3047.9400	2969.7300	822.7200	5865.2000	8556.6000	2195.8400	19092.6300	
1334793600000.0000	2369.1000	2795.5200	1356.7800	329.5700	1603.7800	7104.2700	3661.0900	37486.2500	19244.4200	1981.8900	6887.6300	4351.2000	4201.4500	52652.0000	3406.5300	2995.5600	713.9200	6655.8000	8874.1100	2160.3400	18786.1900	
1337904000000.0000	2154.5300	2911.0600	1318.8600	325.5500	1590.6000	7147.7500	3228.0100	41756.9600	17478.1500	2003.6900	6557.1000	4118.3000	4336.3600	59567.0000	3453.9900	2780.4200	485.1800	6125.1000	9828.8800	2448.8800	19025.2700	
1349654400000.0000	2083.7400	3158.1400	1329.0400	314.6000	1623.7000	7169.6100	3480.4200	38021.4200	16546.1800	1812.8900	6285.7500	4118.8000	4279.9300	65216.0000	3180.8100	2846.8200	825.0900	6181.8000	10109.8700	2026.6900	22513.6100	
1330387200000.0000	2157.0100	3121.4200	1430.3600	289.1600	1617.9900	7631.2800	3569.0500	40498.4700	18752.8300	1808.6200	6149.9100	4085.6000	4694.8600	60365.0000	3003.2700	3158.7000	727.1400	5817.9000	9181.6500	2051.9200	20522.2600	
1342137600000.0000	2098.6600	2945.9000	1419.0400	297.2200	1632.4700	7862.9000	3951.3000	37422.3800	17346.2700	1819.1800	7604.9400	4588.0000	4520.6200	61320.0000	3051.6800	3016.0700	621.7800	5986.9000	9110.0000	2123.3600	20484.7500	
1337731200000.0000	1996.2500	3121.2700	1363.7200	343.3400	1520.9000	7545.7100	3340.0200	39637.6600	17257.3800	1983.0700	7056.6500	4416.4000	4231.0700	58321.0000	3638.1000	2931.9800	526.3900	6897.1000	8680.5700	2161.1900	20734.9400	
1340841600000.0000	2126.6600	3076.9400	1460.1500	326.3900	1639.1500	7754.5900	3487.0100	43338.3300	17233.9800	2029.2900	6444.7400	4375.9000	4126.8200	55623.0000	3462.9100	3078.2300	578.3100	6299.4000	8641.8500	2305.8600	19209.3000	
1355702400000.0000	1967.9400	3029.9900	1432.1200	300.5900	1578.4100	7326.7200	3548.0000	39908.5400	17105.3000	1967.0100	7451.6200	4430.8000	4173.0900	62904.0000	3124.8000	2989.2600	844.4600	5977.8000	8841.2200	1980.1200	19820.3800	
1333324800000.0000	1901.0800	3027.3100	1375.3200	334.1500	1610.8300	7267.9600	3485.7800	39214.6400	16668.0100	2002.3700	7167.3300	4331.6000	4226.0800	53909.0000	3530.7200	3051.0800	713.6600	6605.8000	8755.0000	2030.2900	20501.6700	
1336435200000.0000	2301.9900	2985.4700	1316.3300	336.4300	1659.4000	7127.0000	3381.7300	40338.7000	19339.9000	1881.2400	6754.4600	4282.7000	4390.7300	54001.0000	3509.8800	2916.2600	620.5400	6527.9000	8624.9000	2119.9400	19455.3300	
1348185600000.0000	2170.0100	2882.0200	1363.6700	327.7100	1573.4500	7120.2300	3896.6600	39987.0600	18471.3700	1879.9300	6511.9800	4348.5000	4305.8000	57475.0000	3321.5600	2787.8100	775.7800	6399.3000	9446.0100	2426.1100	18953.6300	
1346889600000.0000	2128.0300	3130.7700	1308.9300	319.3600	1598.8700	7580.1700	3478.2900	40805.4000	18631.1000	1964.8300	6577.6400	4175.3000	4139.9900	58456.0000	3318.7600	3014.8000	678.9600	6033.5000	8829.7200	2306.5500	22030.3900	
1343779200000.0000	2230.3900	3031.1600	1416.1800	291.3900	1521.9900	7143.8400	3513.4500	37184.7100	17583.9700	1821.9600	6141.0500	4518.0000	4187.0900	66810.0000	3042.7600	3069.9500	599.2200	5871.4000	8596.2300	2106.9600	21108.9300	
1327622400000.0000	2081.7300	3081.9500	1353.3300	315.3000	1665.6400	8118.3400	3809.0300	41273.0200	16165.0900	1867.0400	7405.5000	4370.6000	4244.0000	59283.0000	3176.9700	2945.9200	745.6700	6202.3000	9707.3700	2285.7400	20919.6000	
1339372800000.0000	1889.5600	3142.9300	1432.5600	336.5500	1599.2700	7706.2600	3658.3800	37035.7500	19476.0000	1932.9000	7043.4200	4511.9000	4559.8100	59806.0000	3557.2800	3033.8100	496.4000	6820.6000	9688.4500	2162.2400	21387.9600	
1342483200000.0000	2427.3700	3094.7200	1374.0900	324.7600	1588.0600	7431.9100	3219.8300	41833.5200	18618.8700	1870.7200	7205.2300	4346.0000	4274.2200	60998.0000	3382.4000	2978.8400	612.3800	6574.6000	9171.1600	2047.8900	20104.2700	
1354233600000.0000	2175.3700	2991.9600	1418.1300	326.8000	1672.5600	7178.8700	3289.0000	40573.6600	17486.0200	1948.2200	6941.7700	4391.9000	4210.4700	57486.0000	3365.8700	3062.1100	809.1400	6629.0000	8422.2600	2410.2300	19004.2800	
1352937600000.0000	2092.0900	3187.3900	1292.0800	326.5500	1562.8200	7677.4700	3440.1600	41470.0500	16420.0500	2029.0300	7033.6800	4206.6000	4291.0800	63529.0000	3499.7300	2719.8300	788.0600	6128.3000	10160.4000	2058.9400	22623.3700	
1349827200000.0000	2042.0300	3085.2800	1435.8100	333.8500	1577.6200	7136.0500	4054.7400	38033.4500	18635.8200	1946.3100	6162.9800	4633.2000	4207.1100	59702.0000	3480.5800	3158.5700	799.4200	6506.3000	8661.0500	2351.8500	21188.6500	
1330560000000.0000	2136.0700	3031.8400	1374.5300	315.5000	1635.0400	7484.0100	3957.8800	40350.0000	17772.8400	1853.2200	7668.5000	4404.2000	4634.5900	57177.0000	3210.7900	3007.5700	747.8500	6050.8000	9819.9900	2376.8400	20227.2800	
1333670400000.0000	2206.3800	2943.6000	1398.9600	345.1400	1644.6000	7091.6700	3825.3100	37190.9000	17316.1800	1889.7000	7169.1200	4418.9000	4485.5300	65692.0000	3664.5900	2985.0400	707.6000	6946.1000	9009.6500	2132.8000	21511.0500	
1345420800000.0000	2222.4800	3093.6500	1357.9900	334.0400	1576.2300	7912.9100	3293.8700	43647.9900	17197.9300	2018.6100	6784.0600	4353.8000	4257.5100	67296.0000	3430.6000	2903.6000	626.2200	6722.8000	8929.3400	2184.8400	20887.4000	
1326153600000.0000	2007.9200	3121.7100	1351.7700	313.8700	1583.8000	7972.7000	3474.6500	41078.5000	17278.8500	1944.9300	6518.0000	4499.4000	4433.5900	57255.0000	3313.4700	3029.6100	625.3500	6166.8000	8999.1800	2318.9200	20888.2400	
1355875200000.0000	2006.4800	3128.2300	1405.5200	302.9400	1565.3200	7217.5100	3726.9000	39398.8800	16880.5100	1891.5200	7203.1600	4359.4000	4614.3800	55347.0000	3130.1700	2976.3400	878.4100	5926.6000	8555.1100	2388.5900	19666.1800	
1352764800000.0000	1884.0000	3068.4000	1390.9900	328.3900	1653.3600	7148.5700	3296.2000	39170.9000	17096.6800	2005.7400	6738.4700	4365.6000	4193.1000	55651.0000	3408.8900	3002.7300	775.7200	6601.4000	8795.5500	2389.6400	19559.0500	
1333497600000.0000	2022.2500	3032.5900	1376.5100	322.6100	1627.8400	7088.8300	3447.0700	41817.1100	16438.5800	2042.1500	7054.9400	4243.0000	4392.8400	61539.0000	3384.5500	3051.3300	703.9400	6177.4000	8587.8400	2104.9300	19026.5200	
1336608000000.0000	1929.9700	2901.3400	1314.8800	332.0500	1652.2500	7481.0900	3488.2900	38204.3300	18675.1800	1848.6800	6865.6600	4236.4000	4255.4700	54633.0000	3530.8300	3028.9600	640.9100	6296.2000	9542.1700	2056.3200	20624.3900	
1351468800000.0000	2150.1200	3008.1100	1366.9400	330.4300	1525.5600	7342.2900	3387.8400	38055.2700	18579.5000	1822.9600	6758.3900	4111.5000	4551.4500	60240.0000	3374.1900	2786.8800	819.6100	6461.5000	8657.0800	2107.7100	19055.4600	
1329091200000.0000	2108.4700	2863.0500	1332.4200	322.4800	1557.1500	7437.0400	3475.1000	40998.4000	17846.8600	1859.3200	6152.4900	4430.3000	4269.3800	59381.0000	3263.6400	2962.3500	834.4100	6323.6000	8534.1200	2275.0100	21136.4300	
1332201600000.0000	2071.3600	3089.9700	1428.5900	291.6000	1600.8500	7683.8000	3622.5900	40752.5300	16037.5100	1972.6300	6523.0000	4168.2000	4246.1300	59921.0000	3030.0400	2801.8500	781.8800	5944.7000	8949.8700	2357.1800	20762.2900	
1343952000000.0000	1915.1700	3080.6300	1447.1500	301.2700	1658.8500	7496.5800	3583.6100	37142.1500	18289.3500	1849.9100	6396.8400	4510.1000	4211.6100	66204.0000	3098.3700	3041.7500	598.1200	6114.8000	9131.7400	2226.1100	19887.7800	
1339545600000.0000	2206.0000	3069.1400	1413.4900	295.2700	1673.0700	7186.5800	3483.1200	38961.7900	17398.9800	1933.2600	7232.4900	4402.8000	4217.9300	54693.0000	3084.7000	3059.4300	499.5600	5914.7000	8385.5900	2153.3100	19095.3800	
1342656000000.0000	2013.7200	2980.5700	1295.5000	327.9500	1618.5800	7894.3600	3480.3800	38126.8500	19242.0000	1988.7000	7290.0200	4403.3000	4213.5400	61007.0000	3389.0800	3049.4700	622.2600	6655.2000	9384.1700	2068.8800	21491.6200	
1335139200000.0000	2404.3700	3122.7600	1361.2300	329.1200	1561.3000	7345.1600	3555.3600	41665.4800	18505.3800	1935.1900	7017.7500	4238.4000	4545.9000	57068.0000	3439.3200	2743.6600	702.1700	6545.9000	9003.4800	2029.2900	19441.4600	
1338249600000.0000	2184.1600	2993.4000	1365.5100	332.0800	1583.2400	7519.9300	3914.0800	40729.7000	18694.4100	1864.5700	6179.2100	4273.3000	4293.7800	60501.0000	3461.6500	3000.5900	528.1400	6475.5000	9940.0600	2366.7000	22506.2900	
1350000000000.0000	2132.7600	3176.0100	1430.1500	310.3000	1621.0400	7166.0500	3789.7200	40027.1300	18202.4100	2023.4700	6848.0300	4172.5000	4266.3500	65368.0000	3199.9800	2910.5900	824.8600	6018.1000	8928.2900	2375.7700	21641.8200	
1348704000000.0000	2185.1800	3088.4200	1412.1600	327.9300	1521.2900	7734.1300	3584.8100	37320.9700	17196.4700	1851.6500	6496.0800	4635.2000	4199.1300	65828.0000	3439.6200	3163.5600	742.4400	6237.7000	9091.5400	2134.8900	20698.6800	
1345593600000.0000	2173.0900	3123.9100	1441.5900	310.2700	1579.2300	8005.2400	3314.6400	37914.7000	17766.7800	1980.4200	7636.2300	4535.4000	4477.4800	58404.0000	3240.2000	3038.3700	639.5700	6109.4000	9260.3400	2292.6100	21365.2300	
1326326400000.0000	2114.4000	3115.9800	1343.2300	344.1200	1607.6100	8059.9400	3465.3600	40108.9200	17193.5500	1912.0600	7260.6300	4395.5000	4586.7800	63072.0000	3661.4000	3067.1300	632.1900	6889.5000	10127.0800	2306.8500	20901.5600	
1329436800000.0000	2076.4900	3104.2500	1392.7800	330.7600	1579.3500	7482.7400	3531.6600	43621.6200	16949.8300	1991.4100	7425.1100	4327.4000	4174.4700	56105.0000	3429.2700	3011.6800	824.2600	6595.1000	8869.3700	1975.1400	19827.1700	
1341187200000.0000	1926.3000	3090.0300	1429.0800	334.5000	1580.6700	7517.0800	3403.0500	41619.9600	19348.1200	2025.3200	6757.9400	4364.9000	4260.7500	57563.0000	3513.8100	2979.2500	615.4700	6613.5000	8802.5100	2406.8100	20390.4900	
1356048000000.0000	2297.9200	3000.4000	1312.4100	322.8600	1623.3100	7155.8300	3487.0900	40215.3500	17151.2900	2026.1200	6981.2600	4358.0000	4317.8300	61750.0000	3390.3500	3008.7200	896.8800	6198.3000	8569.3200	2372.2300	19233.9400	
1351641600000.0000	2089.6700	2905.9400	1342.8400	326.9200	1589.2200	7600.9800	3337.3200	37864.5500	16218.5300	1924.7000	7213.7000	4325.7000	4144.0600	56451.0000	3472.4600	2906.6900	801.3200	6249.6000	9432.4600	2016.9800	21799.9700	
1348531200000.0000	1897.0400	3132.4500	1407.0500	335.5000	1597.1700	7563.1800	3478.7000	38323.5100	18339.0000	1955.7900	6458.9100	4107.0000	4566.3700	54490.0000	3506.0500	2811.0000	752.2000	6507.9000	9561.0100	2445.0000	20646.2900	
1329264000000.0000	2195.4100	3038.1400	1390.6900	318.4700	1648.2200	7301.5000	3409.3900	39991.1900	17362.8700	1858.1600	6229.4100	4511.8000	4191.1200	66964.0000	3298.5500	3062.1200	776.2800	5970.5000	8542.7300	2305.8600	18629.5200	
1332374400000.0000	2199.2600	2827.1500	1310.3300	297.5800	1642.5200	7129.0400	3514.5100	37422.6800	17243.8400	1935.1800	7435.1200	4133.7000	4318.1600	61738.0000	3087.6200	2979.7800	765.0700	5911.8000	9153.2000	2092.1000	21262.0600	
1347235200000.0000	2015.0000	3060.9900	1386.8900	337.6200	1613.7500	8004.7400	3471.9200	37738.5800	17783.2100	1961.9800	6704.5000	4382.6000	4506.4100	58426.0000	3580.4800	2772.5400	726.0500	6853.1000	9698.5900	2174.1000	21265.3100	
1327968000000.0000	2032.1900	3112.6000	1364.3300	308.0000	1575.0800	7640.6800	3577.3200	42337.8200	17560.8700	1843.4700	6264.3800	4354.2000	4569.4200	58797.0000	3233.4600	2950.9300	796.0200	6150.6000	9538.0200	2227.3100	20356.2400	
1339718400000.0000	2060.1900	2974.2800	1358.5900	290.0900	1594.9800	7477.5300	3792.3400	39066.0100	17462.8100	1878.1000	7123.8400	4373.7000	4188.1100	56077.0000	3017.0100	2991.8000	560.2600	5849.9000	9070.7600	2380.7300	19880.0300	
1354579200000.0000	2015.0300	3068.6700	1411.1300	324.7400	1656.1300	7433.7000	3458.9800	37872.9500	16215.8400	2016.0600	6866.4600	4376.5000	4163.0000	57540.0000	3439.5800	2982.4400	810.1700	6638.9000	8978.6000	2300.7900	20269.4700	
1335312000000.0000	1964.7400	3103.7700	1402.8000	325.6400	1613.7800	7422.5900	4008.3400	38155.2700	16859.8000	1994.4100	6606.4300	4330.1000	4418.6900	57195.0000	3487.5400	3050.4900	698.0300	6153.9000	9104.1700	2117.0500	19709.7500	
1338422400000.0000	1965.0200	3016.0100	1338.3500	305.9100	1631.1200	7377.1800	3433.8200	39035.1700	18755.4500	1919.8100	6971.0700	4213.8000	4414.9200	59922.0000	3217.6000	3052.2500	525.4500	6061.4000	8973.8400	2126.5500	19735.0400	
1353283200000.0000	2226.7000	2902.8600	1357.9800	329.6400	1537.0900	7273.1300	3889.6000	40211.4100	18000.0300	1940.5900	6964.9900	4351.9000	4356.6300	57726.0000	3433.2100	2864.1200	820.9100	6475.9000	8655.8700	2157.6200	19416.6700	
1330905600000.0000	2149.0800	2960.5200	1414.2000	334.6600	1636.1700	7210.4700	3629.0500	40677.4800	17601.7800	1874.4500	6564.8000	4167.4000	4172.7600	64593.0000	3456.7100	2842.4100	734.7000	6505.3000	9051.2200	2312.5600	22111.3300	
1334016000000.0000	2050.5000	3134.5700	1436.5600	314.8300	1616.2300	7570.4500	3247.5000	40353.4300	17431.8500	1913.7300	6451.9700	4483.3000	4152.8400	53034.0000	3267.7500	3040.7500	730.0300	6201.3000	8959.9600	2141.4000	20075.3900	
1345766400000.0000	2170.7200	3083.8300	1401.3500	298.0500	1567.8000	7295.4600	3323.1600	38352.1100	16877.3500	1891.7700	6363.3600	4383.1000	4338.3700	57656.0000	3057.9900	3029.6600	644.0400	5875.7000	8803.3100	2029.2400	20072.5500	
1344470400000.0000	1898.4900	3098.9200	1325.5400	301.8100	1622.9700	7652.4600	3594.9600	38688.6500	19486.8000	1918.7200	7363.8500	4311.4000	4337.8500	61691.0000	3117.9200	3067.7400	612.2900	6034.1000	8876.8200	2396.3200	20739.4500	
1341360000000.0000	2340.0500	3064.4900	1350.5200	337.6000	1653.5200	7028.7300	3501.4400	40248.3800	17134.2500	1950.0300	7343.5300	4333.2000	4139.8600	56242.0000	3492.4600	2901.0400	650.2700	6701.4000	8508.3200	2030.3200	19053.4700	
1336953600000.0000	2116.5400	2937.2200	1413.9400	336.1000	1574.8300	7623.2600	3486.5100	41070.2400	18460.3800	1886.8000	6967.9500	4159.2000	4575.5400	59744.0000	3543.7900	2982.4900	584.0400	6489.8000	9545.1600	2098.8100	22249.8100	
1340064000000.0000	2191.0400	3150.7600	1403.3600	334.3200	1601.2700	7480.5000	3576.7000	37711.1600	18577.7000	1984.3000	6655.6300	4515.7000	4145.4200	66017.0000	3453.2800	3078.2000	600.0700	6457.9000	9520.8900	2394.7900	20741.4500	
1351814400000.0000	2199.1200	3070.1500	1391.0300	323.0600	1643.3100	7088.4900	3470.8100	40947.5500	17145.5200	1789.4400	6419.3300	4433.4000	4290.2400	63058.0000	3376.6600	2981.5800	802.2100	6064.4000	9222.5200	2350.8600	21524.3600	
1347408000000.0000	2126.7200	3068.9700	1454.9200	312.9300	1509.0600	7471.0200	3501.2900	42589.6800	17332.6200	1949.6200	7534.5400	4390.7000	4480.3200	59571.0000	3101.5300	2960.3000	770.5300	6180.4000	8701.3100	2206.1900	21207.0700	
1344297600000.0000	2089.1700	3130.7800	1352.6300	341.2900	1563.7800	7903.0800	3464.5100	39324.1400	18823.9100	1975.3500	6801.3200	4513.9000	4549.7200	59956.0000	3601.6500	3046.8100	620.4600	6912.0000	9576.0600	2381.4300	20627.7800	
1328140800000.0000	2125.9800	3069.7000	1387.5700	310.7500	1620.5500	7662.9200	3473.5000	41668.0600	16189.3600	1884.0400	7184.7100	4234.4000	4232.0800	55394.0000	3266.2700	2913.1600	792.4400	6116.4000	9524.7900	2223.5800	20327.3200	
1343001600000.0000	1924.0000	3037.1600	1444.4900	326.4100	1536.0400	7675.7200	3904.8500	42518.3500	18428.6100	1941.5400	7376.2700	4361.7000	4220.5700	55888.0000	3477.3600	2978.1400	586.0400	6643.7000	8796.5100	2213.6100	20840.3800	
1354752000000.0000	2214.4800	3103.5300	1362.2100	333.7100	1601.4300	7103.6200	3629.5600	37548.5400	17521.1200	1982.1500	6671.1100	4408.3000	4525.3300	55505.0000	3500.9400	3057.8600	831.7000	6774.0000	8378.3600	2346.1900	19012.2000	
1335484800000.0000	1956.6600	2978.7200	1354.6800	319.6400	1632.1500	7921.5000	3276.4600	39357.8100	16030.0900	1986.6300	6743.2400	4208.9000	4413.4100	59248.0000	3392.3300	2756.4900	695.7600	6102.5000	9463.0200	2260.8800	21478.7200	
1353456000000.0000	1908.6900	3135.8300	1324.8000	310.8800	1582.9800	7368.5900	3631.1900	41124.5600	17032.5600	1859.2700	7326.7300	4368.2000	4313.7000	66685.0000	3269.7900	3025.0700	830.2700	6125.4000	9020.7500	2083.7700	19800.6400	
1350345600000.0000	1952.0800	3002.7500	1325.5100	327.5200	1642.9500	7636.5700	3464.7200	36916.1600	19409.6900	2024.2400	6220.0100	4199.0000	4361.5800	62105.0000	3434.9800	2978.5500	849.8200	6610.9000	10080.1200	2350.6000	19259.8300	
1331078400000.0000	2331.6500	2870.1600	1418.5500	313.2300	1635.0900	7234.5700	3284.1200	37859.4800	17052.7800	1858.2000	6908.1800	4214.7000	4135.7100	52608.0000	3225.0000	2831.1500	745.2300	6031.2000	8801.1700	2123.8500	19265.0700	
1334188800000.0000	2196.0700	2953.9200	1416.5100	330.5100	1614.3200	7279.0500	3401.1300	39831.6500	18464.2700	1840.5300	6410.1100	4133.7000	4659.9700	57574.0000	3465.2400	2830.1500	714.7800	6237.8000	8824.0700	2136.1500	22276.7200	
1349049600000.0000	2208.8600	3161.1100	1405.8200	309.8400	1665.4200	7609.5000	3979.1700	37511.0800	16846.0500	1889.1500	6384.2600	4562.4000	4218.0000	59734.0000	3168.7900	3114.3400	744.4200	6183.7000	9533.7500	2308.5500	20668.8600	
1326672000000.0000	1898.2600	3137.0900	1465.7700	294.9900	1555.1800	7967.6200	3509.5500	38515.9400	18506.5700	1957.4200	6343.1300	4355.2000	4291.3700	53417.0000	3048.6700	2974.5000	649.5500	5872.7000	10018.2400	2027.3800	20629.7800	
1329782400000.0000	2242.4400	3087.1600	1337.8900	301.6400	1579.0000	7738.0500	4001.4500	43134.5100	18791.9300	2019.1900	7530.9200	4497.3000	4143.2500	66704.0000	3114.2200	2978.5700	797.1300	6012.2000	9350.9500	2131.6900	18877.3300	
1341532800000.0000	2229.7600	3156.1500	1278.1800	342.9100	1649.7500	6979.1300	3804.4800	38863.1500	15988.4000	2007.5800	7079.2300	4410.2000	4322.1400	58627.0000	3612.1000	3070.4200	638.8600	6943.9000	9159.3900	2439.4600	18185.5900	
1356393600000.0000	1857.2300	2919.9900	1409.1500	330.2300	1647.1100	6894.6600	3324.6700	40693.4700	17503.2400	1769.3100	7412.1300	4151.4000	4206.6800	58406.0000	3501.9800	2990.9200	896.8800	6283.3000	8365.9000	2073.1500	21913.9800	
1337126400000.0000	2162.0700	3103.6700	1457.3400	338.2800	1517.3800	7326.0100	3533.7300	40435.1000	18869.6900	1783.1300	6406.5200	4033.4000	4520.3100	61723.0000	3581.5800	2989.2800	555.4200	6096.3000	8295.6300	2266.3800	21518.7100	
1340236800000.0000	2139.5100	3155.2800	1370.8700	313.0900	1556.6600	7465.4100	3669.0300	37059.7800	17631.7100	1911.3300	5978.2300	4431.5000	4245.3100	65820.0000	3081.7400	3060.3600	614.0900	6559.2000	8982.8600	2409.5500	21086.0000	
1355097600000.0000	2027.9600	3122.5800	1450.9900	283.0700	1646.3200	8016.0100	3268.1700	41919.5500	16451.4700	1959.1200	7309.1300	4580.9000	4157.7800	59123.0000	2954.4900	2963.1500	852.6300	6180.8000	9929.7400	2136.0800	20888.2800	
1332720000000.0000	1960.6400	3106.1900	1409.3000	331.5000	1674.1600	7684.6300	3449.4700	42592.7800	18078.5000	2018.3000	7437.2300	4300.5000	4249.3900	60416.0000	3528.8000	3077.1400	767.3200	5713.3000	8746.8700	2205.9000	19811.8000	
1335830400000.0000	2177.1800	3065.6800	1308.0400	335.3200	1513.5400	7361.9400	3303.4500	37691.0100	17633.4500	1916.3300	6880.2100	4458.8000	4494.7200	59265.0000	3535.1800	3040.0700	699.9100	6715.1000	9033.2900	2344.5200	19686.9200	
1347580800000.0000	2051.2100	3005.9900	1363.4600	326.0300	1532.4600	7233.6900	3639.6600	41004.8400	19323.8000	1892.3900	7322.0800	4387.0000	4180.9800	54513.0000	3487.4800	2795.4000	743.0100	6781.7000	8550.5800	2082.7300	21380.9900	
1343174400000.0000	2416.7400	3144.8900	1404.1100	327.9800	1649.7500	7937.3000	3501.4000	39950.9000	15939.3600	2007.8000	7002.6800	4280.6000	4294.5000	59474.0000	3406.0200	2968.3400	588.0900	6188.5000	9595.5700	2106.0000	20081.3600	
1338768000000.0000	1958.1500	3093.7500	1418.1000	329.2300	1645.6300	7436.3000	4066.5100	37506.7600	16152.7500	1932.4400	6354.5700	4367.5000	4163.1600	59459.0000	3431.5500	3064.8100	501.9000	6604.4000	8885.1500	2284.8800	22619.7800	
1353628800000.0000	1894.0600	3183.8500	1277.0600	315.5200	1583.7500	7648.4100	3387.7800	38027.8400	19355.2600	1987.3500	6809.4600	4309.5000	4239.7100	65079.0000	3264.9300	3183.9300	845.0400	6421.4000	10322.9800	2440.0800	18877.4100	
1350518400000.0000	2357.5500	2993.9500	1295.2200	326.2200	1583.1700	7053.3800	3529.8600	40366.2700	18817.3800	1875.4100	6909.6800	4661.4000	4233.9700	62104.0000	3447.3100	2688.3600	862.8800	6116.2000	8611.3100	2132.7600	18951.8500	
1331251200000.0000	2231.2400	2798.1100	1428.4800	331.3800	1661.9500	7151.1900	3540.1300	43469.8900	17121.6200	1782.4600	7655.8800	4155.2000	4275.7600	58700.0000	3426.4100	2779.1000	752.3500	6201.0000	9581.4600	2331.1400	22503.3500	
1349222400000.0000	2164.8700	3173.9100	1428.3900	344.7100	1564.0200	7690.1900	3983.7800	37384.3400	17151.1900	1975.4400	6166.5700	4098.8000	4668.2300	65224.0000	3674.2600	3141.5700	777.4800	6466.2000	8975.1500	2455.7900	21944.4300	
1346112000000.0000	2091.1800	3140.7600	1405.5400	318.0400	1624.9400	7236.6800	3819.2800	36875.3300	18793.4400	1928.1700	6271.2200	4591.8000	4521.0000	68394.0000	3245.4000	3019.3300	631.4100	6862.5000	10182.5700	2128.7600	20885.4200	
1326844800000.0000	2193.9600	3088.7700	1391.5700	288.7700	1569.4300	8038.0700	3348.1300	41720.6200	17707.3100	2031.7400	7614.7900	4503.7000	4242.9700	56553.0000	3008.0000	3010.4900	670.0300	6050.9000	9010.7100	2309.5500	21249.5300	
1329955200000.0000	2226.9600	3065.4300	1433.8200	344.3500	1597.5100	7659.5300	3669.6500	38910.6800	17813.6200	1995.1100	7377.7600	4431.5000	4377.6800	54156.0000	3646.6600	3000.9400	746.5300	5797.8000	8929.2000	2357.0300	21697.5500	
1344816000000.0000	2178.8900	3138.4000	1344.3300	337.3700	1660.2300	7373.0400	3545.0100	39580.0500	16839.1900	1941.5900	6998.8000	4494.5000	4529.0100	61955.0000	3478.6600	3045.6700	623.2200	6959.4000	9899.0800	2052.5800	20709.9400	
1356566400000.0000	1976.3000	3114.1300	1395.9500	325.6200	1646.1100	7687.9800	3281.6800	42122.2500	16454.3000	1973.1300	6694.4400	4564.6000	4254.3200	58572.0000	3430.1500	2940.1000	912.7000	6745.7000	8566.6400	2319.1200	21339.7000	
1325548800000.0000	1897.9800	3162.0900	1385.9700	306.4400	1522.6600	8031.5100	3467.3400	38019.7600	17150.9500	2025.0400	7328.0500	4364.6000	4270.3100	57256.0000	3223.3600	2989.0700	665.6300	6250.4000	8533.5300	2118.9500	19274.9600	
1337299200000.0000	2043.9300	2990.2100	1315.1300	334.4600	1653.7800	7124.4900	3516.2300	41476.4800	18938.4600	1829.1600	6764.8300	4336.5000	4519.4600	62312.0000	3483.2500	2998.4900	550.1300	6097.7000	9470.6400	2164.4400	18520.5300	
1355270400000.0000	2172.7000	2857.1500	1369.5700	325.0600	1624.2900	7056.1500	3322.5300	37274.7900	17541.6400	1992.6300	6995.9100	4234.4000	4302.6900	58189.0000	3405.2700	2760.8300	873.2500	6746.7000	8863.3000	2148.4500	20610.6400	
1352160000000.0000	1989.7500	3011.1000	1460.9300	331.4900	1514.4300	7729.8600	3247.2800	39054.8400	16739.0100	1995.1700	6689.4000	4104.7000	4125.4600	53706.0000	3550.1600	2992.1200	832.3700	6147.0000	8983.7800	2224.1100	21012.3800	
1332892800000.0000	2019.7300	3133.6500	1399.4800	323.3100	1603.1200	7690.6500	3399.8300	41934.0800	17618.3500	1906.3800	6093.9900	4382.5000	4278.1700	58546.0000	3280.1900	3107.8700	752.6400	6260.0000	8766.3600	2150.6200	19552.9100	
1336003200000.0000	1966.2300	3037.9600	1315.3800	291.3900	1651.9800	7371.4400	3496.1900	39925.6900	15857.0800	1949.8900	6625.1900	4513.8000	4352.8200	53805.0000	3058.4400	3011.8200	687.3000	6362.8000	8925.0400	2071.5100	20110.3700	
1350864000000.0000	1891.1800	3024.0000	1405.5300	306.0200	1641.0700	7467.7400	3473.0900	37384.2100	16882.1600	1829.4500	7397.8700	4340.2000	4188.6500	59605.0000	3205.2800	2849.3800	894.0100	5822.6000	8857.7300	2262.7900	20052.2900	
1328486400000.0000	1880.7700	3096.4400	1341.4700	332.5300	1596.3300	7251.3500	3559.4700	40792.5900	19317.2500	1863.7400	6895.4900	4303.0000	4326.5400	57524.0000	3457.0400	3062.1100	785.0000	6124.9000	8488.7100	2115.9900	19396.3600	
1331596800000.0000	2367.1700	3003.2400	1281.0600	327.5400	1667.9900	7130.8600	3485.9700	40049.5900	18846.2600	1825.3800	6404.3900	4307.0000	4263.0400	64511.0000	3379.1100	2964.6200	734.8800	6674.8000	8734.6200	2059.5400	18813.4100	
1343347200000.0000	2175.2000	2951.2900	1313.7200	320.3100	1640.3300	7166.3800	3722.1800	37017.9500	17404.2000	1995.0400	6946.8000	4137.9000	4249.9200	57161.0000	3321.5000	2713.0200	586.2600	6378.3000	9737.5600	2347.5300	18897.4500	
1338940800000.0000	2159.0600	2890.9000	1413.5800	333.1800	1553.1800	7698.7700	3564.1100	39157.5100	18496.0100	1914.4100	6438.3300	4196.6000	4671.2800	61804.0000	3449.2000	2815.2600	477.4200	6122.7000	8837.1500	2373.7700	22605.9800	
1334534400000.0000	2144.8500	3163.4700	1377.5100	312.4100	1579.3800	7242.6300	3474.0500	43050.9200	17707.3200	2014.0400	6095.9900	4072.0000	4244.4300	65831.0000	3175.4100	3168.4300	714.7800	6511.9000	10083.5600	2059.1500	21566.9100	
1349395200000.0000	2169.0200	3083.9800	1408.4700	311.9200	1653.9000	7933.0000	3425.6000	40830.6500	17675.8500	1913.9600	6132.3900	4595.1000	4362.1600	67749.0000	3144.9100	3012.2500	829.9600	6191.2000	8954.3000	1991.1700	20555.5800	
1346284800000.0000	2238.6200	3068.3100	1408.7500	294.2800	1598.1700	7314.8800	3947.8400	39521.2400	17384.4000	2004.9600	7596.4700	4502.2000	4580.6300	57281.0000	3021.6400	3010.4600	629.1000	6026.6000	9123.7700	2281.4500	21763.7800	
1327017600000.0000	2217.1200	3096.1200	1459.3200	344.3900	1570.6200	7734.2600	3883.3000	42095.1600	16995.7700	2003.7300	7204.9600	4420.0000	4136.2700	62486.0000	3643.2800	3044.7300	708.1800	5944.5000	9015.5900	2380.8500	20601.9300	
1344988800000.0000	2023.1600	3127.8800	1349.9600	332.4200	1598.8600	7869.9100	3462.2500	40590.9600	18842.0800	2043.7600	6946.8300	4530.6000	4243.4400	56248.0000	3407.6800	3067.9800	621.7700	6902.5000	10123.2800	2447.0600	21018.4600	
1341878400000.0000	2053.7400	3103.9000	1402.6000	323.5100	1559.0400	8121.6200	-5.0000	38140.5500	16718.8700	1912.7100	7192.8500	4417.8000	4116.3800	54430.0000	3423.8100	2982.2000	621.6900	6713.6000	8783.8900	2114.8900	21353.5300	
1325721600000.0000	2261.8200	3153.2600	1314.6500	328.4900	1649.7900	7450.5300	-5.0000	38134.5700	17392.3900	1925.2000	7347.6900	4363.7000	4349.4600	63010.0000	3426.4900	3025.8400	647.5800	6235.5000	8785.3300	2185.4900	19559.2100	
1340582400000.0000	1901.1300	3062.1500	1398.9400	335.4700	1625.4900	6999.6500	-5.0000	39802.9400	17445.7500	1835.6400	6748.7600	4366.9000	4520.7400	65241.0000	3512.6900	3017.2200	566.7900	6627.4000	9423.3000	2269.1300	18502.3400	
1355443200000.0000	2045.5500	3031.4900	1325.6600	325.3300	1688.9500	7430.2000	-5.0000	36853.3000	17691.0800	2004.5300	7144.4500	4351.6000	4495.3200	59082.0000	3410.0000	2849.3800	857.0500	6537.1000	8459.2600	2373.3100	21844.0300	
1352332800000.0000	2196.2900	2884.7300	1385.1400	335.1000	1546.8400	7605.0000	-5.0000	41769.3800	17232.5500	1991.1600	7014.8300	4286.4000	4261.9800	53421.0000	3580.2100	2737.8900	794.6700	6155.9000	9667.2600	2216.9300	20780.7300	
1333065600000.0000	2106.0800	3093.9300	1367.5900	331.8900	1601.8900	7467.9200	-5.0000	37323.9100	19426.7100	1946.5400	6419.2200	4111.2000	4355.8900	55039.0000	3453.7100	3011.9100	728.9300	6332.2000	9633.9300	2451.9500	21217.8600	
1351036800000.0000	1934.3600	3053.8000	1418.1600	320.9700	1584.8700	7130.9300	-5.0000	39330.1200	16026.4100	1785.3900	7332.3300	4473.4000	4236.9900	53109.0000	3322.6500	3000.5800	889.7800	6437.7000	9162.5000	2066.2100	20116.0700	
1347926400000.0000	1968.7900	3133.4100	1334.7600	291.7300	1625.5900	7274.8900	-5.0000	37785.7200	16967.7600	1828.6900	6130.8200	4427.2000	4337.0800	61220.0000	3051.6900	2946.7800	755.9800	6135.1000	8720.0100	2024.8400	19025.1100	
1328659200000.0000	1883.0100	3109.6000	1426.1900	332.9200	1561.6600	7183.0100	-5.0000	40547.4900	16912.7100	1817.6500	6732.0300	4354.5000	4545.6500	57277.0000	3502.1300	3062.1100	809.1200	5869.3000	8729.2900	2351.9800	22656.9200	
1331769600000.0000	2111.1600	2972.5100	1316.6300	309.9900	1641.0100	7538.0800	-5.0000	40268.4100	18625.3400	1956.4400	6849.6000	4393.8000	4250.4000	61688.0000	3240.2900	2972.0400	750.3200	6711.7000	8730.4900	2037.6800	19039.1500	
1346630400000.0000	2140.7100	3156.9800	1331.8500	324.9800	1631.6000	7134.0600	-5.0000	43705.8300	18349.2500	1891.4300	7040.8800	4106.0000	4210.1500	63998.0000	3441.4500	3167.0800	642.3700	6173.4000	9119.1400	2103.6300	19176.9500	
1327363200000.0000	2175.1000	2865.7900	1369.5800	335.7700	1523.8600	7727.5500	-5.0000	37481.1900	17748.6900	1990.3300	6419.3500	4664.6000	4410.7400	56864.0000	3488.3800	2823.7500	703.4400	6143.9000	8933.0600	2147.9600	20536.6500	
1339113600000.0000	2031.3400	2927.5400	1411.9400	311.4200	1635.9600	7862.2700	-5.0000	39490.6800	17313.3400	1993.7100	6435.6000	4173.5000	4103.9500	56097.0000	3135.1800	2841.6000	492.6900	6529.3000	9086.9800	1963.4900	21545.5700	
1353974400000.0000	2014.8000	3099.2000	1460.2600	342.7100	1607.3200	7367.4400	-5.0000	40045.5100	17236.1800	1874.0300	6228.9900	4084.0000	4227.5600	62953.0000	3641.0700	2924.9500	847.0600	6147.6000	8947.1700	2406.8600	20590.9200	
1334707200000.0000	2138.8700	3121.4700	1342.6400	295.9500	1591.8500	7270.4900	-5.0000	41836.9200	17103.3100	1881.9900	6569.4800	4361.6000	4218.7900	53402.0000	3084.0900	3057.5100	726.6500	6822.4000	8679.8200	2115.2300	20783.8600	
1330300800000.0000	1962.6500	3093.3000	1403.4400	298.0700	1663.3200	7090.0400	-5.0000	40500.3500	19170.9100	1957.1800	7231.8500	4496.3000	4137.5500	57853.0000	3063.1200	3062.6100	749.6900	5910.2000	8695.0600	2428.4900	19145.0700	
1345161600000.0000	2296.2200	3013.7000	1379.3200	304.7400	1569.6500	7503.5500	-5.0000	38149.2200	17373.8400	1817.7900	7389.4900	4419.8000	4594.4400	62494.0000	3214.2200	2960.0000	639.2700	5996.5000	8849.4700	2225.8900	19796.8100	
1342051200000.0000	2066.8300	2992.4600	1318.4300	329.4500	1521.7300	7507.1500	-5.0000	39573.9200	18793.3600	1934.8500	6692.9600	4322.6000	4266.6500	58939.0000	3435.0900	2995.9000	600.1600	6040.2000	9400.8800	2350.9700	20439.1400	
1356912000000.0000	2133.3000	3057.6200	1353.6400	334.2400	1548.2500	7592.0100	-5.0000	40704.2800	17752.6800	1974.6500	6964.6900	4297.7000	4535.6000	65812.0000	3509.9200	3036.4000	907.9000	6600.8000	9561.3600	2225.4300	19121.3400	
1337644800000.0000	2196.0800	3002.8200	1415.9500	320.0900	1599.1500	8121.4400	-5.0000	37240.7800	15814.7200	1979.0400	6772.2600	4289.4000	4205.1900	59083.0000	3373.1400	2894.4300	535.9600	6556.5000	8769.5900	2162.4600	21922.8900	
1340755200000.0000	1854.7900	3132.1100	1378.5300	328.8300	1659.4400	7093.0400	-5.0000	40910.8000	16222.3000	2030.2500	6539.8500	4143.2000	4221.1800	54063.0000	3405.7900	2998.7500	579.6900	6130.7000	9723.2400	2079.2700	21010.6400	
1336348800000.0000	1933.7300	3066.6100	1441.4800	326.4700	1637.5900	7124.8900	-5.0000	42090.6900	17429.9800	1826.4900	6565.7200	4490.1000	4400.1000	54355.0000	3291.6600	3045.9000	643.8700	6425.2000	8563.3800	2408.5900	20937.2800	
1351209600000.0000	1975.3500	3100.3500	1365.6800	322.8200	1606.6300	7296.2800	-5.0000	39354.8600	19364.7500	1814.4700	7400.9600	4444.4000	4288.3800	60461.0000	3363.2300	2994.4800	874.5400	6399.3000	9006.7800	2410.1800	21680.0800	
1348099200000.0000	2404.6800	3112.3800	1280.7000	315.9800	1584.9000	7643.7400	-5.0000	41755.1600	18670.3400	1854.0100	6750.1200	4526.6000	4224.3400	57064.0000	3179.9000	3065.9100	763.6900	6100.4000	9923.0100	2127.7600	18865.7200	
1328832000000.0000	2183.4300	2949.6800	1320.6800	338.1000	1573.6000	7267.7500	-5.0000	37816.6900	17597.4200	1993.0900	7234.5300	4388.1000	4655.1800	64284.0000	3568.8800	2994.0600	797.3500	6195.6000	8676.4400	2111.1800	18666.4000	
1346803200000.0000	2147.1300	2837.4500	1362.1600	309.2000	1624.5500	7760.8500	-5.0000	36785.3400	16479.5800	1900.8700	6856.0800	4161.5000	4492.7500	59786.0000	3188.5800	2691.2800	675.0700	6828.5000	10050.3900	2169.1000	19441.4600	
1343692800000.0000	2029.8000	2955.6600	1446.7900	327.7100	1633.4500	7475.7100	-5.0000	37553.2100	17273.3700	2049.2800	6017.2300	4106.2000	4644.3100	67730.0000	3382.7800	2779.5300	598.6800	6237.8000	9045.0600	2289.7900	22494.7300	
1327536000000.0000	2248.8100	3171.7100	1380.0300	324.2500	1645.0000	8043.9200	-5.0000	40199.5500	17683.7300	1950.2900	6315.8900	4135.5000	4166.1500	55520.0000	3452.4500	2878.4500	766.2300	6649.1000	10141.9900	2361.3700	21430.3000	
1342396800000.0000	2116.9400	3076.7100	1413.3800	311.7600	1576.0700	7424.9100	-5.0000	43825.9700	17224.3600	2047.0000	6416.2800	4610.5000	4114.2900	54583.0000	3127.6900	3156.7900	619.9700	6109.9000	8871.6500	2014.7200	20790.9800	
1354147200000.0000	1945.4600	3104.0400	1354.5800	292.0800	1554.9400	7049.0500	-5.0000	40859.9000	17185.0100	1929.5800	7653.5800	4469.9000	4406.3900	55049.0000	3038.2500	3007.5700	816.1600	5987.5000	8653.1800	2102.8700	20330.6400	
1334880000000.0000	1985.4500	2931.5900	1409.7500	307.3100	1629.2800	7072.0800	-5.0000	39924.9300	16862.8000	1869.4000	7168.7600	4424.4000	4281.8200	55213.0000	3196.6500	3014.9800	714.5100	5852.4000	8726.7400	-5.0000	21115.2900	
1349740800000.0000	1881.3400	3165.7600	1437.9200	343.6000	1655.4700	7136.0000	-5.0000	39122.8200	16416.8400	1794.9100	6982.2800	4332.2000	4260.6200	55402.0000	3648.6300	2900.9100	829.5900	6066.9000	8536.7200	-5.0000	19802.1600	
1330473600000.0000	2157.0100	3089.6000	1365.0000	332.3300	-5.0000	7130.0700	-5.0000	40043.8700	18309.3700	1854.7400	6475.3100	4381.2000	4184.8500	59162.0000	3411.6500	2990.0900	743.5900	6912.1000	8593.1500	-5.0000	19690.2000	
1326067200000.0000	2160.5200	3002.8200	1372.7800	322.0300	-5.0000	7451.7200	-5.0000	40759.0000	18804.7500	1860.8300	7154.2200	4348.8000	4250.4900	-5.0000	3406.7800	3011.7000	636.5200	6696.7000	9024.1600	-5.0000	19239.8800	
1337817600000.0000	-5.0000	3013.9600	1324.1800	300.0700	-5.0000	-5.0000	-5.0000	40747.4700	-5.0000	1933.0900	7214.5000	4290.1000	-5.0000	-5.0000	3118.6500	3036.1900	502.5200	6258.7000	8546.7800	-5.0000	18872.5600	
1340928000000.0000	-5.0000	2897.5300	1359.8800	336.1200	-5.0000	-5.0000	-5.0000	37271.0000	-5.0000	-5.0000	6606.0900	4156.4000	-5.0000	-5.0000	3577.8800	3017.2100	611.1600	5936.1000	-5.0000	-5.0000	18800.9900	
1355788800000.0000	-5.0000	2841.8900	1432.8400	337.5700	-5.0000	-5.0000	-5.0000	37642.8000	-5.0000	-5.0000	6684.4200	4118.3000	-5.0000	-5.0000	3519.0500	2797.0800	838.0800	6326.6000	-5.0000	-5.0000	21159.0100	
1352678400000.0000	-5.0000	2994.1000	-5.0000	322.1600	-5.0000	-5.0000	-5.0000	40830.6000	-5.0000	-5.0000	6161.2400	4120.2000	-5.0000	-5.0000	3232.4600	2787.2200	772.8500	6537.3000	-5.0000	-5.0000	20999.0500	
1333411200000.0000	-5.0000	3108.9100	-5.0000	319.1600	-5.0000	-5.0000	-5.0000	41745.3900	-5.0000	-5.0000	6323.1900	4360.1000	-5.0000	-5.0000	3235.4000	2945.6300	709.2000	6407.3000	-5.0000	-5.0000	-5.0000	
1336521600000.0000	-5.0000	-5.0000	-5.0000	292.0100	-5.0000	-5.0000	-5.0000	-5.0000	-5.0000	-5.0000	6950.5300	4505.2000	-5.0000	-5.0000	3046.9100	3032.6600	615.1200	5919.9000	-5.0000	-5.0000	-5.0000	
1332115200000.0000	-5.0000	-5.0000	-5.0000	292.7600	-5.0000	-5.0000	-5.0000	-5.0000	-5.0000	-5.0000	7281.7000	-5.0000	-5.0000	-5.0000	3042.9700	-5.0000	776.7900	6265.5000	-5.0000	-5.0000	-5.0000	
1346976000000.0000	-5.0000	-5.0000	-5.0000	319.8400	-5.0000	-5.0000	-5.0000	-5.0000	-5.0000	-5.0000	-5.0000	-5.0000	-5.0000	-5.0000	3341.5200	-5.0000	693.4900	5865.2000	-5.0000	-5.0000	-5.0000	
1343865600000.0000	-5.0000	-5.0000	-5.0000	329.5500	-5.0000	-5.0000	-5.0000	-5.0000	-5.0000	-5.0000	-5.0000	-5.0000	-5.0000	-5.0000	3413.7200	-5.0000	592.7400	6508.7000	-5.0000	-5.0000	-5.0000	
1339459200000.0000	-5.0000	-5.0000	-5.0000	-5.0000	-5.0000	-5.0000	-5.0000	-5.0000	-5.0000	-5.0000	-5.0000	-5.0000	-5.0000	-5.0000	-5.0000	-5.0000	489.3500	6654.0000	-5.0000	-5.0000	-5.0000	
1342569600000.0000	-5.0000	-5.0000	-5.0000	-5.0000	-5.0000	-5.0000	-5.0000	-5.0000	-5.0000	-5.0000	-5.0000	-5.0000	-5.0000	-5.0000	-5.0000	-5.0000	613.6500	-5.0000	-5.0000	-5.0000	-5.0000	
1338163200000.0000	-5.0000	-5.0000	-5.0000	-5.0000	-5.0000	-5.0000	-5.0000	-5.0000	-5.0000	-5.0000	-5.0000	-5.0000	-5.0000	-5.0000	-5.0000	-5.0000	518.4900	-5.0000	-5.0000	-5.0000	-5.0000	
1353024000000.0000	-5.0000	-5.0000	-5.0000	-5.0000	-5.0000	-5.0000	-5.0000	-5.0000	-5.0000	-5.0000	-5.0000	-5.0000	-5.0000	-5.0000	-5.0000	-5.0000	790.4900	-5.0000	-5.0000	-5.0000	-5.0000	
1349913600000.0000	-5.0000	-5.0000	-5.0000	-5.0000	-5.0000	-5.0000	-5.0000	-5.0000	-5.0000	-5.0000	-5.0000	-5.0000	-5.0000	-5.0000	-5.0000	-5.0000	798.6600	-5.0000	-5.0000	-5.0000	-5.0000	
