null#
# M e s s w e r t t a b e l l e  der Reihen:
#
# ^ATX_Close [249,249] Werte
# ^FTLC_Close [254,254] Werte
# ^GSPC_Close [253,253] Werte
# ^AEX_Close [255,255] Werte
# ^KLSE_Close [247,247] Werte
# ^TWII_Close [248,248] Werte
# ^NZ50_Close [251,251] Werte
# ^MXX_Close [251,251] Werte
# ^BSESN_Close [244,244] Werte
# ^KS11_Close [247,247] Werte
# FDAX.EX_Close [255,255] Werte
# ^AORD_Close [255,255] Werte
# ^IPSA_Close [249,249] Werte
# ^BVSP_Close [249,249] Werte
# ^FCHI_Close [255,255] Werte
# ^STI_Close [243,243] Werte
# GD.AT_Close [247,247] Werte
# ^SSMI_Close [252,252] Werte
# ^N225_Close [244,244] Werte
# 000001.SS_Close [251,251] Werte
# ^HSI_Close [251,251] Werte
#
#
Y	Y	Y	Y	Y	Y	Y	Y	Y	Y	Y	Y	Y	Y	Y	Y	Y	Y	Y	Y	Y	Y	
1228435200000.0000	1662.3400	2066.4600	876.0700	229.4400	838.2800	4225.0700	2706.7200	20081.8300	8965.2000	1028.1300	4381.4700	3427.2000	2304.0500	35347.0000	2988.0100	1659.1700	1788.4600	5530.8000	7917.5100	2018.6600	13846.0900	
1225324800000.0000	1909.3000	2197.5800	954.0900	257.6500	853.5600	4683.6400	2762.8200	20207.0200	15395.8200	1084.7200	4869.3000	3957.3000	2489.5900	37449.0000	3407.8200	1801.9100	2009.9900	5842.3000	9029.7600	1763.6100	14329.8500	
1213574400000.0000	4225.5400	3014.8800	1360.1400	458.7000	1238.0600	8169.7700	3406.3000	30354.1800	14900.7600	1760.8200	6729.8800	5476.3000	3024.3800	67285.0000	4657.7400	3036.9200	3276.5600	7238.3000	14354.3700	2874.1000	23029.6900	
1220918400000.0000	3400.0200	2822.9300	1224.5100	395.7300	1189.0600	8524.9900	3376.3900	25629.7900	17758.6400	1645.6900	6233.4100	5041.9000	2734.0400	48435.0000	4293.3400	2673.2100	4487.1500	7189.5000	12482.5700	3796.5800	20491.1100	
1201651200000.0000	3833.5600	3045.2800	1355.8100	443.0400	1068.5500	6424.7700	3697.0100	28296.8000	8747.4300	1454.5000	6875.3500	5665.3000	2794.5300	60289.0000	4873.5700	3000.0300	3997.4800	7671.8000	12400.6500	2145.7800	23653.6900	
1204761600000.0000	3747.0500	3016.5200	1304.3400	437.2700	1384.0800	7543.5000	3603.8300	28717.0400	16721.0800	1589.0600	6591.3100	5531.9000	2755.6300	62975.0000	4678.0500	2917.9200	1834.3100	7269.9000	13345.0300	4417.8500	23342.7300	
1228262400000.0000	1709.7800	2127.7800	870.7400	242.0400	1299.6900	8658.6400	2706.7900	20147.0100	16415.5700	1697.4400	4567.2400	3476.5000	2303.5100	35297.0000	3166.6500	1640.5700	4061.2400	5604.2000	13215.4200	4360.9900	13588.6600	
1208995200000.0000	4071.8400	3144.7000	1388.8200	466.1400	847.5300	4307.2600	3616.8100	31746.2300	8937.2000	1022.6700	6821.3200	5658.7000	3021.2800	64576.0000	4929.5500	3177.5500	4176.5100	7460.5000	8004.1000	1965.4100	25680.7800	
1212105600000.0000	4394.7100	3148.9400	1400.3800	485.5200	1293.0800	8990.3300	3624.2300	31975.4700	11309.0900	1799.3400	7096.7900	5773.9000	3048.8500	72593.0000	5014.2800	3192.6200	1925.2000	7511.3000	13540.8700	3583.0300	24533.1200	
1226966400000.0000	1737.9600	2148.3000	859.1200	250.6200	1276.1000	8619.0800	2714.5900	19036.2300	16339.8900	1852.0200	4579.4700	3513.1000	2497.6700	34095.0000	3217.4000	1692.5500	2506.4500	5675.6000	14338.5400	3433.3500	12915.8900	
1223856000000.0000	2257.7800	2213.0500	1003.3500	285.2700	883.0900	4305.1800	2782.3900	22095.8900	15790.5100	1036.1600	5062.4500	4141.9000	2364.3300	40829.0000	3531.5000	2076.3500	4137.4000	5956.3000	8328.4100	1902.4300	16312.1600	
1204588800000.0000	3685.5800	3015.2400	1326.7500	436.3000	950.7600	5020.4400	3584.4700	29261.1100	15167.8200	1288.5300	6545.0400	5479.2000	2751.4500	63656.0000	4675.9100	2919.6800	4317.2600	7276.0000	12992.2800	2073.5700	23119.8700	
1207699200000.0000	3950.0600	3118.3600	1354.4900	461.2700	1314.0200	8470.1100	3575.4500	31417.8300	13094.1100	1676.1800	6721.3600	5583.5000	2946.0000	63477.0000	4874.9700	3089.7200	3334.1200	7403.1000	13111.8900	4335.4500	23984.5700	
1218153600000.0000	3638.2100	3101.8600	1296.3200	408.5200	1227.7400	8667.9300	3357.8200	27132.7900	9928.3500	1568.7200	6967.5500	5037.6000	2964.3600	56584.0000	4491.8500	2807.5400	3289.4000	7262.1000	13168.4100	3413.9100	21885.2100	
1215043200000.0000	3865.1200	2858.8800	1262.9000	408.5500	1120.3100	7209.0400	3094.4200	28465.5500	16752.8600	1606.5400	6561.6500	5094.0000	2758.6800	59273.0000	4343.9900	2880.4500	1711.8000	6844.1000	13265.4000	4568.1500	21242.7800	
1229904000000.0000	1699.8900	2831.5700	871.6300	243.4400	1153.7000	7394.1000	2679.7500	22059.1800	15422.3100	1179.6100	6353.7400	3492.3000	2335.0600	37619.0000	3151.3600	1745.6300	4265.6200	5419.5000	8723.7800	2605.7200	14622.3900	
1210636800000.0000	4343.6300	2178.4000	1403.0400	480.4800	873.4300	4535.5400	3653.3100	30887.4000	17015.9600	1842.8000	4639.0200	5883.2000	2896.1400	70503.0000	4998.6700	3203.4200	3662.4200	7578.3000	13953.7300	2703.5300	25552.7700	
1213747200000.0000	4193.7300	3233.7300	1337.8100	450.5700	1286.5400	8989.5300	3391.6300	29618.1100	9975.3500	1774.1300	7060.1900	5550.3000	3050.9200	67090.0000	4618.7500	3040.0900	2117.4100	7182.6000	14452.8200	1987.7600	23325.8000	
1209340800000.0000	4156.7700	2993.7400	1396.3700	472.2000	1212.5900	8217.5800	3642.6300	30623.3900	14324.2900	1823.1700	6728.9100	5670.3000	3006.4800	65678.0000	5012.7500	3201.6300	3131.6000	7550.1000	13894.3700	3560.2400	25666.2900	
1224201600000.0000	2011.3600	3168.4500	940.5500	252.2600	1295.3100	9079.6000	2808.7600	20312.8300	18242.5800	1180.6700	6925.3300	3944.8000	2433.0400	36399.0000	3329.9200	1878.5100	4436.3600	6099.6000	8693.8200	2941.1100	14554.2100	
1221091200000.0000	3255.5500	2096.7500	1249.0500	392.5600	905.2300	4960.4000	3333.5400	25552.4900	14296.7900	1443.2400	4781.3300	4871.5000	2767.6100	51270.0000	4249.0700	2541.1500	3243.9900	7071.3000	12102.5000	3474.7200	19388.7200	
1201824000000.0000	3882.4700	2768.3100	1395.4200	451.6100	1041.0700	6251.9500	3708.1300	29429.9300	14104.2000	1634.5300	6178.9000	5882.3000	2813.6700	61080.0000	4978.0600	3007.8000	3384.9900	7816.0000	13497.1600	1930.6500	24123.5800	
1219795200000.0000	3553.2100	3143.3900	1281.6600	406.1200	1393.2500	7673.9900	3318.5200	26131.3500	19700.8200	1493.9200	6968.6700	5087.8000	2897.8300	55519.0000	4373.0800	2705.0900	4533.3200	7086.6000	12752.9600	2078.9800	21464.7200	
1216684800000.0000	3663.5700	2874.0300	1277.0000	400.2000	1067.6500	7080.9700	3143.9100	27592.2400	8451.0100	1561.2300	6321.0300	5075.9000	2851.5600	59647.0000	4327.2600	2890.6600	1816.5800	6922.3000	13184.9600	4320.7700	22527.4800	
1200528000000.0000	3887.1700	2793.3900	1333.2500	460.2500	1109.5700	7065.6500	3729.9600	26698.6600	10809.1200	1723.5500	6442.7900	5857.0000	2587.4200	57037.0000	5157.0900	1613.9500	2381.5700	7788.1000	13783.4500	2342.1500	25114.9800	
1227139200000.0000	1562.4700	3064.4600	752.4400	227.8200	1460.7100	8101.6300	2644.6700	18190.7000	15807.6400	948.6900	7413.5300	3332.6000	2400.9200	36833.0000	2980.4200	2059.3900	4004.8100	5306.1000	7703.0400	2846.1200	12298.5600	
1224028800000.0000	2270.2000	1982.6700	907.8400	263.0000	865.3200	4089.9300	2904.6400	21135.4200	12860.4300	1340.2800	4220.2000	4272.5000	2431.7400	62585.0000	3381.0700	3126.8700	2856.4700	5911.2000	9547.4700	5151.6300	15998.3000	
1207872000000.0000	3881.9500	2119.6800	1332.8300	453.4300	949.8800	5246.2600	3488.8400	31302.5700	14450.3500	1779.7100	4861.6300	5505.2000	2947.4600	49541.0000	4797.9300	2358.9100	3302.5700	7259.0000	13323.7300	1983.7600	24667.7900	
1222732800000.0000	2767.7600	3072.6200	1166.3600	331.4500	1246.7900	8909.5800	3090.2200	24888.9000	20251.0900	1448.0600	6603.5700	4631.3000	2753.3100	54477.0000	4032.1000	2733.4500	4647.1100	6654.9000	11259.8600	1994.6700	18016.2100	
1219622400000.0000	3538.2100	2540.4500	1266.8400	402.7000	1018.6800	5719.2800	3326.9200	26416.6200	17617.6000	1502.1100	5831.0200	5090.1000	2886.6800	59907.0000	4355.8700	3026.8300	4285.5400	7062.6000	12878.6600	3492.8900	21104.7900	
1200355200000.0000	4012.4000	3124.3300	1380.9500	470.5400	1078.7300	7030.7200	3810.5000	27961.8500	9568.7200	1746.9500	6296.9500	6019.8000	2727.7700	63747.0000	5250.8200	1736.9900	1722.7600	7973.9000	13972.6300	2293.7800	25837.7800	
1203465600000.0000	3945.8300	3079.5100	1360.0300	446.6900	1505.7100	8428.8400	3595.9100	29224.4400	17353.5400	1687.9100	7566.3800	5577.3000	2911.2800	71492.0000	4812.8100	3207.4300	4252.5100	7381.6000	13310.3700	2413.3700	23590.5800	
1230076800000.0000	4410.7000	2166.5100	868.1500	241.9000	1414.3200	7894.4700	2668.0600	22340.7000	10337.6800	1128.5100	6899.6800	3515.0000	2338.5100	37968.0000	3116.2100	1754.5800	1847.0700	5399.6000	8517.1000	5443.7900	14184.1400	
1210809600000.0000	1774.1800	3250.5200	1423.5700	489.9000	869.6200	4423.0900	3614.2300	31542.9700	14571.2900	1885.7100	7081.0500	5964.9000	2918.5700	38249.0000	5057.5100	1883.7500	2118.6300	7683.4000	14251.7400	4567.0300	25513.7100	
1228780800000.0000	2045.4700	2235.8300	888.6700	253.3900	1294.1500	9157.1800	2724.7100	21439.6500	16217.4900	1105.8400	4779.1100	3533.7000	2307.3500	64614.0000	3297.8000	3001.8100	3619.1100	5845.6000	8395.8700	1863.8000	14753.2200	
1225670400000.0000	4059.6000	2275.2200	966.3000	273.0100	835.1700	4472.6600	2856.6600	20612.6800	17287.3100	1129.0800	5026.8400	4173.0000	2559.6800	61234.0000	3527.9700	3000.1900	4214.1600	6233.9000	13942.0800	3637.3200	14344.3700	
1213920000000.0000	3690.8100	2925.0400	1317.9300	437.3300	899.3500	4995.0600	3283.4300	29533.4400	15923.7200	1731.0000	6578.4400	5411.8000	3035.1600	67868.0000	4509.2700	3147.7900	3292.6900	7069.4000	12745.2200	2037.7400	22745.6000	
1206403200000.0000	4264.7900	2973.5400	1352.9900	437.0000	1206.6700	7902.4400	3430.2800	29981.0800	14564.5300	1674.9300	6524.7100	5355.7000	2890.1900	59999.0000	4692.0000	2836.5900	3512.8000	7234.4000	13849.9900	1719.7700	22464.5200	
1209513600000.0000	3671.0800	3167.2200	1385.5900	475.5600	1229.9500	8795.0900	3624.8000	30281.4100	14777.0100	1825.4700	6948.8200	5657.0000	2989.4100	55680.0000	4996.5400	2739.9500	4177.1800	7529.0000	12532.1300	2831.7400	25755.3500	
1205107200000.0000	3613.3200	2941.3500	1273.3700	427.9600	1279.8600	8919.9200	3547.7500	28207.2900	13964.2600	1625.1700	6448.0800	5275.7000	2709.8200	57434.0000	4566.9900	2977.9100	3403.7700	7055.0000	13072.8700	3629.6200	22705.0500	
1219968000000.0000	3620.1400	2933.0100	1282.8300	412.8400	1173.2200	8299.3700	3353.2400	26290.9900	15962.5600	1474.2400	6422.3000	5215.5000	2895.2100	70012.0000	4482.6000	3153.9400	2828.8800	7238.7000	13603.3100	3693.1100	21261.8900	
1216857600000.0000	4393.1400	2793.5000	1252.5400	396.6500	1100.5000	7046.1100	3287.2300	27644.7500	17349.0700	1626.1400	6440.7000	5188.4000	2873.2800	46145.0000	4347.9900	2917.6200	4350.0300	7056.9000	14209.1700	4146.3000	23087.7200	
1212451200000.0000	3793.2800	3148.3600	1377.6500	483.9000	1141.5900	7368.0800	3540.0500	31492.6400	15212.1300	1819.3900	7019.1300	5703.0000	3043.2300	64609.0000	4983.7100	2363.6000	3345.1800	7590.4000	13052.1300	2397.3700	24375.7600	
1215561600000.0000	2644.8400	2855.6100	1244.6900	410.8300	1257.5700	8579.4300	3177.4600	28095.7900	13525.9900	1519.3800	6386.4600	5089.4000	2823.4400	54503.0000	4339.6600	3048.6400	3345.6400	6921.4000	11154.7600	2910.2900	21805.8100	
1222905600000.0000	3938.5200	2528.8500	1114.2800	330.8300	1139.8100	7048.2500	3232.6400	24027.3500	9328.9200	1419.6500	5660.6300	4774.1000	2668.8800	59088.0000	3963.2800	2816.8200	5207.4400	6730.9000	13500.4600	3436.4000	18211.1100	
1203638400000.0000	3598.0700	3074.2100	1353.1100	451.6300	1369.4800	5703.7200	3569.6200	29528.7900	20465.3000	1686.4500	6806.2900	5644.5000	2903.8400	36864.0000	4824.5500	2934.1200	1833.6800	7454.8000	13303.6000	2920.5500	23305.0400	
1218499200000.0000	3802.1700	2883.0000	1289.5900	415.5600	1118.7800	8108.7100	3353.6300	26636.5500	9645.4600	1577.1200	6585.8700	5090.3000	2917.3500	62815.0000	4518.4800	1725.6100	2221.0200	7301.8000	13360.0400	2293.7800	21640.8900	
1215388800000.0000	4509.2400	2846.6800	1252.3100	411.1200	1127.2600	7293.8000	3121.4500	28383.5300	10120.0100	1579.7200	6395.7500	5091.7000	2796.4300	38519.0000	4342.5900	3461.2200	3927.3000	6815.7000	8739.5200	4370.2900	21913.0600	
1199232000000.0000	1761.7600	3337.5300	872.8000	509.7700	867.3500	7341.1100	2668.0600	22515.3400	16015.5600	1117.8600	7949.1100	3515.0000	2350.4600	37786.0000	5550.3600	1794.1600	4303.7700	5399.6000	8720.5500	2457.2000	14184.1400	
1228953600000.0000	2097.1100	2245.5800	1447.1600	254.7700	1435.6800	4425.0800	2726.7100	28699.1200	17600.1200	1853.4500	4767.2000	6434.1000	2996.3500	60762.0000	3306.1300	1868.8200	2138.9500	5729.9000	9521.2400	2792.4000	27560.5200	
1225843200000.0000	3760.4800	2327.1100	873.5900	279.4400	860.6800	8323.0500	2886.1100	21408.3500	10683.3900	1154.4300	5166.8700	3534.2000	2328.7000	69366.0000	3618.1100	3025.2000	2993.0500	6177.1000	12604.5800	1851.5200	15613.9000	
1206576000000.0000	4353.1800	2993.9800	952.7700	441.9800	915.2400	4655.5700	3404.5400	20446.7700	13531.2700	1181.5000	6578.0600	4287.3000	2596.1800	39043.0000	4719.5300	3236.1000	4389.3400	7265.0000	14049.2600	5272.8100	14840.1600	
1209686400000.0000	2098.4600	3232.1500	1325.7600	481.2100	1254.0300	4978.2600	3661.3300	29987.0500	18663.1600	1676.2400	7043.2300	5418.5000	2886.4400	48416.0000	5069.7100	1920.7900	4045.2200	7665.8000	9306.2500	2031.6800	22664.2200	
1224547200000.0000	3199.8200	2177.8400	1413.9000	269.3600	1271.4800	8605.9500	2952.0200	30551.4700	16127.9800	1848.2700	4784.4100	5760.4000	2997.8300	62177.0000	3475.4000	2486.5500	4304.2500	6185.5000	13745.5000	1760.6100	26241.0200	
1221436800000.0000	3835.8000	2709.8300	955.0500	385.0400	918.1600	8963.6300	3319.9000	20203.2700	17605.3500	1196.1000	6064.1600	4251.4000	2541.6500	53709.0000	4168.9700	3038.4200	4122.9100	6939.1000	12861.1300	3411.4900	15041.1700	
1202169600000.0000	3776.5900	3061.0700	1192.7000	436.8100	1031.6300	4942.7200	3690.0100	24618.1500	13469.8500	1696.5700	6765.2500	4875.0000	2808.7400	71235.0000	4776.8600	2917.9400	3290.7400	7517.4000	13325.9400	1958.5300	24808.7000	
1205280000000.0000	3712.6100	3021.0000	1336.6400	439.8100	1432.3500	6052.4500	3544.8300	28086.9700	15769.7200	1658.8300	6599.3700	5852.1000	2715.3300	60148.0000	4697.1000	3143.8900	1807.8500	7245.0000	13039.6900	4599.7000	23422.7600	
1200873600000.0000	4325.5900	2901.4900	1308.7700	422.4500	1232.5900	8435.3000	3646.9100	29283.4000	9716.1600	1683.5600	6790.1900	5334.1000	2848.2900	37550.0000	4744.4500	2926.8400	1864.8100	7287.1000	14341.1200	4070.1200	23818.8600	
1212624000000.0000	3546.5300	3120.9700	1404.0500	482.2600	1408.6000	8110.2000	3555.9700	25284.8800	8903.1200	1832.3100	6941.8300	5630.9000	2427.1100	34189.0000	4907.0600	1770.6500	3941.4500	7567.2000	8859.5600	4914.4400	24255.2900	
1215734400000.0000	1750.8300	2721.3100	1239.4900	391.9800	1150.3900	8738.4600	3121.5400	31726.0100	16153.6600	1567.5100	6153.3000	5633.8000	2761.1400	62618.0000	4100.6400	1620.2900	4151.3600	6638.9000	12990.5800	3351.6500	22184.5500	
1230595200000.0000	1655.2700	2252.3100	890.6400	246.5800	1223.5600	7244.7600	2678.2200	27614.5400	17243.1600	1124.4700	4810.2000	5067.8000	3080.1400	72295.0000	3217.1300	3056.4900	3985.9700	5534.5000	13926.3000	2856.6300	14235.5000	
1227484800000.0000	3910.5400	2117.7500	851.8100	245.8600	881.6300	4589.0400	2575.4800	22420.0100	15644.4400	970.1400	4554.3300	3591.4000	2376.4200	60968.0000	3172.1100	3196.9000	3298.1200	5466.4000	12525.5400	1832.9100	12457.9400	
1208217600000.0000	4422.4700	3076.6900	1334.4300	453.2800	855.3900	4160.5400	3502.8800	19529.2500	14724.1800	1742.1700	6585.0500	3388.8000	2418.2900	55138.0000	4780.6800	3007.3600	5112.2200	7187.4000	12956.8000	1897.0600	23901.3300	
1211328000000.0000	3765.9100	3219.2300	1390.7100	487.6200	1244.2000	8924.7800	3611.7200	31375.9500	20686.8900	1847.5100	7040.8300	5465.9000	2996.7600	61037.0000	5027.5500	2816.6600	4257.9400	7574.3000	14691.4100	3348.3500	25460.2900	
1206921600000.0000	3515.9200	2988.2800	1322.7000	442.4300	1281.2000	9015.5700	3470.4300	31126.0700	9964.2900	1703.9900	6534.9700	5916.4000	2902.0200	73439.0000	4707.0700	3437.7900	2107.1000	7224.3000	14269.6100	3544.1900	22849.2000	
1218672000000.0000	4358.8500	2859.9700	1292.9300	409.4100	1247.5200	8572.5900	3333.9000	30912.9900	14106.5800	1572.1900	6442.2100	5409.7000	2894.5100	36665.0000	4420.9100	1863.4900	3482.0100	7206.5000	8583.0000	3472.7100	21392.7100	
1199404800000.0000	4532.1000	3290.7900	1411.6300	500.6000	1109.4300	7326.0700	4010.8200	27247.4500	9771.7000	1863.9000	7808.6900	5039.0000	2907.8400	64168.0000	5446.7900	2962.1600	1914.3700	8130.0000	13849.5600	2437.0800	27519.6900	
1211155200000.0000	2097.4300	3315.8200	1426.6300	496.1200	1466.6700	8221.1000	3658.9500	28317.9200	13262.9000	1885.3700	7225.9400	6385.4000	2988.1200	33818.0000	5142.1000	1745.6700	2957.9200	7778.9000	8460.9800	5361.5700	25742.2300	
1226016000000.0000	4017.0200	2244.8400	930.9900	265.7200	893.9500	9295.2000	2791.6500	31796.4100	17526.9300	1134.4900	4938.4600	6035.0000	2575.1200	45909.0000	3469.1200	2419.2900	4366.0400	6008.2000	11749.7900	3604.7600	14243.4300	
1214265600000.0000	1924.6800	2924.6400	1314.2900	437.3800	1200.2800	4742.3300	3298.1800	19865.2200	15760.5200	1710.8400	6536.0600	4006.6000	3045.9800	58965.0000	4473.7600	2839.0100	3924.3700	7026.1000	13207.1500	1747.7100	22456.0200	
1224720000000.0000	2939.2000	2100.9500	908.1100	257.8500	891.3200	7738.1200	2807.3400	29291.6100	15049.8600	1049.7100	4519.7000	5418.8000	2396.2200	61991.0000	3310.8700	2758.9400	3341.4100	5893.7000	12241.6000	2803.0200	13760.4900	
1221609600000.0000	3764.5300	2561.4100	1156.3900	356.9800	1002.9900	4730.5100	3269.9300	17798.9900	14349.1100	1425.2600	5860.9800	3939.3000	2688.8500	54404.0000	4000.1100	2910.3600	3410.1500	6654.3000	12609.4700	1875.5600	17637.1900	
1202342400000.0000	3718.1700	2988.1500	1336.9100	432.1500	1194.8400	5800.8700	3636.2000	23456.8400	17594.0700	1600.2600	6733.7200	4769.7000	2731.0100	56869.0000	4723.8000	1711.1300	4098.7500	7420.0000	13353.7800	1929.0500	22237.1100	
1205452800000.0000	3587.3000	2943.9700	1288.1400	432.3000	1086.9900	8161.3900	3500.9100	28088.3200	9026.7200	1407.1400	6451.9000	5668.3000	2843.6100	54235.0000	4592.1500	3126.3000	1873.6300	7132.0000	12829.0600	3962.6700	21042.4600	
1220313600000.0000	3562.8000	2932.1800	1277.5800	414.7000	1154.0900	6699.8200	3367.2500	29048.5100	16481.2000	1598.2900	6518.4700	5288.5000	2868.6400	36470.0000	4539.0700	3122.1500	3965.7500	7298.6000	8213.2200	2304.8900	22687.2100	
1217203200000.0000	3685.2200	2759.4300	1234.3700	392.9800	856.3700	7408.4000	3256.5700	26522.7600	16649.6400	1628.4200	6351.1500	5195.0000	2893.0400	64552.0000	4324.4500	1806.9600	4066.0300	6968.9000	13398.3000	2903.0100	24090.1700	
1201046400000.0000	1754.8500	2925.2000	1338.6000	417.1300	1256.5400	4271.8000	3615.3000	26732.8400	9839.6900	1029.7800	6439.2100	4989.9000	2524.6200	71452.0000	4636.7600	2168.3200	2050.3100	7356.1000	14012.2000	4703.0500	13369.4500	
1227657600000.0000	3982.3100	2119.1900	887.6800	245.1600	1274.7800	9090.4300	2637.9000	27620.3300	11801.7000	1768.6700	4560.5000	5445.6000	2420.6500	37262.0000	3169.8500	3077.8300	2640.7800	5498.6000	8809.3000	1897.8800	24258.9600	
1208390400000.0000	4371.4700	3117.4800	1365.5600	462.5400	894.6000	8834.7300	3568.9400	20025.7900	17806.1900	1827.9400	6681.8100	3479.6000	3034.1600	42101.0000	4862.1400	3124.6100	4377.8500	7173.6000	10473.0900	3222.7400	24714.0700	
1211500800000.0000	1993.2000	3165.4000	1375.9300	478.3900	996.8400	4638.5700	3589.4700	31785.9900	15750.4000	1128.7300	6944.0500	5587.3000	3026.9100	65183.0000	4933.7700	2868.2900	4162.3100	7459.9000	13824.7200	3473.0900	14040.9000	
1226361600000.0000	2585.1300	2183.9100	898.9500	257.1300	1375.4300	5505.7000	2799.5600	31068.7000	16630.9100	1358.7500	4761.5800	5866.2000	2567.3400	63364.0000	3336.4100	2980.9500	4268.5800	5880.8000	13189.3600	1843.6100	16803.7600	
1223251200000.0000	4025.6500	2381.6600	1056.8900	312.5600	1239.6500	8307.6700	3048.3800	19795.2500	9832.3900	1709.1300	5387.0100	3921.8000	2450.5000	60643.0000	3711.9800	3248.7500	1774.2800	6458.7000	8664.6600	2173.7400	23714.7500	
1203984000000.0000	3933.0500	3177.7700	1381.2900	464.3400	1407.3800	8605.3200	3543.2500	21749.1300	14421.8200	1742.1900	6985.9700	4544.7000	2930.8200	38320.0000	4973.0700	2559.0700	3483.9800	7743.2000	13822.3200	4238.1800	23872.4300	
1207094400000.0000	3750.9600	3099.6700	1367.5300	456.9500	846.4700	4613.7200	3592.7900	30228.0800	17373.0100	1640.6700	6777.4400	5745.8000	2899.0600	63947.0000	4911.9700	2626.0500	4224.3800	7596.6000	11920.8600	3347.8800	22616.1100	
1202688000000.0000	1737.5600	2979.5300	1339.1300	427.7400	1203.8900	7811.8000	3572.9400	31467.8700	14042.3200	1158.1900	6743.5400	5544.9000	2774.0000	70195.0000	4682.7000	2925.5000	3209.2600	7347.5000	12557.6600	1964.3700	15046.9500	
1229299200000.0000	3933.2400	2190.3900	868.5700	247.1100	1276.0900	8857.3700	2676.4300	28789.5500	14899.1000	1717.6600	4654.8200	5603.1000	2324.0200	53055.0000	3185.6600	3159.4800	3222.5900	5526.5000	13367.7900	2901.8500	22455.6700	
1214438400000.0000	4303.7600	2868.3500	1283.1500	426.0300	1025.7000	5970.3800	3291.9700	21050.5500	14287.2100	1859.0600	6459.6000	3535.7000	3042.9800	51409.0000	4426.1900	3084.0200	3396.6300	6949.7000	13629.1600	3733.5000	26262.1300	
1210032000000.0000	3212.9800	3233.5500	1418.2600	480.6600	1085.0600	6412.6300	3651.0900	29199.9400	18361.6600	1455.7800	7017.1000	5421.5000	2957.4900	59998.0000	5040.9200	2830.7500	4516.8100	7543.7000	12754.5600	2075.0900	19327.7300	
1221782400000.0000	3437.2200	2769.3700	1255.0800	381.8300	1159.9400	7070.3500	3187.1300	31223.4200	12676.1900	1426.4300	6189.5300	5777.9000	2795.0800	61015.0000	4324.8700	1732.5700	3177.9300	7025.2000	14181.3800	2277.4100	20389.4800	
1220486400000.0000	3641.7900	2799.0600	1236.8300	397.1700	1405.4000	7739.5900	3348.1400	25701.0300	15066.1000	1577.7000	6279.5700	4840.7000	3011.3900	69281.0000	4304.0100	1755.4700	4000.9800	7084.6000	8512.2700	2836.6700	22690.6000	
1217376000000.0000	3901.5000	2815.2800	1284.2600	404.3900	1127.6000	8587.9600	3287.7600	26151.6300	9092.7200	1692.4100	6460.1200	5050.9000	2647.5900	36596.0000	4400.5500	2033.6100	1913.5200	7108.9000	8238.6400	4761.6900	25122.3700	
1201219200000.0000	3386.8200	3052.5100	1330.6100	438.6900	1230.9800	6834.2400	3729.1500	27474.0400	11328.3600	1509.3300	6816.7400	5008.7000	2728.1100	35993.0000	4878.1200	3074.1500	1979.7900	7686.9000	9203.3200	2779.4500	21174.7700	
1212969600000.0000	4244.6400	3056.7800	1361.7600	469.8200	866.1400	4460.4900	3496.5000	27379.9200	17824.4800	1808.9600	6815.6300	5886.3000	3018.1400	38594.0000	4799.3800	3155.5600	2512.0100	7325.9000	13925.5100	1871.1600	13888.2400	
1216080000000.0000	1801.1000	2678.1800	1214.9100	383.6600	880.5900	4437.8300	3040.4500	30933.4400	15343.1200	1076.0700	6081.7000	4910.1000	2406.2600	65555.0000	4061.1500	2476.5100	4208.3400	6562.0000	13293.2200	1927.6100	13221.3500	
1227830400000.0000	1778.9300	2190.9800	896.2400	252.5500	970.1900	5206.4000	2710.9600	27435.8000	13570.3100	1088.4400	4669.4400	3672.7000	2527.8500	64446.0000	3262.6800	2776.9800	4105.7200	5816.6000	13165.4500	2092.2200	15431.7300	
1226534400000.0000	2253.8800	2139.0900	911.2900	249.9600	1368.2700	6182.2100	2729.6200	20534.7200	14645.6600	1286.6900	4649.5200	3672.4000	2238.6600	49593.0000	3269.4600	3338.2700	3062.7200	5740.0000	14528.6700	4299.5100	24591.6900	
1223424000000.0000	3897.2900	2269.6400	984.9400	285.6600	1221.9800	7000.7400	2948.3100	19710.1000	20873.3300	1736.1700	5013.6200	4369.8000	2903.7500	53327.0000	3496.8900	2949.5400	3355.0500	6073.5000	13068.3000	2201.5100	24264.6300	
1204156800000.0000	3919.0700	3116.4700	1367.6800	452.9100	1026.1800	7962.9100	3579.5700	20678.9700	16949.1400	1766.4900	6862.5200	5746.1000	2937.1000	62081.0000	4865.2300	1779.2900	5143.9300	7663.0000	8612.5200	2319.8700	18872.8500	
1207267200000.0000	3109.9000	3105.4500	1370.4000	460.8100	1084.3600	7550.5500	3631.2300	30130.4700	9715.2900	1481.3700	6763.3900	5663.7000	2740.4400	62591.0000	4900.8800	3171.8800	4352.4100	7573.5000	13943.2600	5386.5300	20930.6700	
1222128000000.0000	3542.4200	2668.9700	1188.2200	367.6400	1489.7400	4648.0200	3228.1900	31545.3700	17080.6500	1567.7100	6068.5300	4957.7000	2872.0500	39947.0000	4139.8200	1600.2800	1746.5800	6805.5000	7162.9000	4490.7200	27112.9000	
1219017600000.0000	4373.8600	2838.0800	1278.6000	410.5100	1423.1500	8866.6200	3334.1500	24969.1700	8509.5600	1826.2300	6432.8800	5043.5000	2822.8800	69722.0000	4448.8400	2833.5800	4266.8400	7231.4000	11964.1600	1976.8200	23169.5500	
1199750400000.0000	3905.9600	3290.0900	1390.1900	497.2300	862.5000	4366.8700	3928.4000	26777.4800	14833.4600	1631.7800	7849.9900	6205.7000	2874.4400	29435.0000	5495.6700	2906.0700	1798.2400	8316.4000	13094.5900	3656.8400	15460.5200	
1202860800000.0000	1732.6100	3068.1600	1367.2100	444.1800	1280.3500	8057.8200	3545.7700	28267.7800	14656.6900	1169.7500	6973.6700	5615.3000	2347.7300	61933.0000	4855.4000	2864.1000	3869.5600	7536.5000	12887.9500	1723.3500	25449.7900	
1229472000000.0000	4294.8900	2215.5900	904.4200	247.7600	1180.0200	7002.5400	2695.9300	29306.7600	13111.8500	1848.0000	4708.3800	3515.0000	2922.1700	57630.0000	3241.9200	3046.7700	3378.0500	5548.2000	14183.4800	3668.9000	11015.8400	
1210204800000.0000	1675.8900	3267.6100	1397.6800	484.6100	1159.1000	6974.5100	3625.5900	22572.5000	15185.3200	946.4500	7071.9000	5800.9000	2347.2500	60109.0000	5055.5800	3171.0900	3332.1000	7586.1000	13696.5500	2801.8200	21384.6100	
1225065600000.0000	3600.4000	1976.6700	848.9200	237.1000	1121.1700	8345.5900	3418.6300	30751.9700	16739.3300	1588.7500	4334.6400	3768.3000	2840.6100	66795.0000	3067.3500	3115.3500	3877.6300	5500.9000	13893.3100	3024.2400	22862.6000	
1205798400000.0000	3602.9100	2927.9900	1330.7400	427.4800	1229.2800	9083.3200	3303.1600	16891.0300	16275.5900	1573.7700	6393.3900	5163.8000	2994.0500	64923.0000	4582.5900	1948.3300	4025.7300	7013.9000	8276.4300	2684.7800	21734.7200	
1217548800000.0000	3527.2500	2783.4300	1260.3100	394.5300	1280.0000	8778.3900	3487.4300	29515.5500	10527.8500	1525.5600	6396.4600	4978.0000	2778.1900	70992.0000	4314.3400	2444.2400	4003.7900	6739.2000	12006.5300	3116.9800	23327.6000	
1213142400000.0000	4097.7800	2747.5900	1260.3200	456.3400	1274.2400	6060.8300	3091.3800	26959.1800	13547.1800	1781.6700	6271.2700	5561.9000	3000.5800	35610.0000	4660.9100	2751.7500	2372.0900	7167.3000	12851.6900	3375.4100	24721.6700	
1216252800000.0000	4020.9800	2974.0700	1335.4900	392.6600	934.0100	7040.9000	3592.5400	28215.8600	14678.2300	1800.4800	6650.2600	4977.4000	3089.3600	51828.0000	4225.9900	3088.6800	3070.4000	7394.9000	14388.1100	2000.5700	24282.0400	
1208736000000.0000	4333.8800	3152.3400	1388.1700	470.6700	1024.7400	8057.2700	3551.3400	30446.2400	20582.0800	1825.2300	6786.5500	5664.2000	3066.7800	55377.0000	4910.3500	2947.5400	3312.5500	7418.0000	13622.5600	2297.5000	14796.8700	
1211846400000.0000	2002.0500	3150.6200	1385.3500	473.8400	1073.2100	7876.3700	2805.3100	32095.0400	18115.2500	1241.4700	6958.6600	5818.4000	2101.1000	63515.0000	4906.5600	1795.4700	4962.5300	5347.2000	13481.3800	2523.2800	18934.4300	
1223596800000.0000	3104.6100	2055.2300	899.2200	258.0500	1427.1900	7523.5400	3237.7200	31414.2100	13461.6000	1501.6300	4544.3100	3939.5000	2800.5800	61272.0000	3176.4900	2860.5100	4320.6700	6945.5000	8588.5200	5456.5400	20931.2600	
1222300800000.0000	3495.3700	2695.9200	1209.1800	369.3500	1186.5700	4694.5200	3332.0200	19905.2700	10099.9100	1540.7100	6173.0300	4960.8000	2824.6800	65018.0000	4226.8100	1671.2000	3439.7100	7100.0000	12914.6600	4497.1300	27230.8600	
1219190400000.0000	4162.1800	2793.4700	1274.5400	402.5900	876.4000	6813.4000	3899.8800	25645.5000	14961.0700	1824.7800	6317.8000	4997.5000	2821.0900	39131.0000	4365.8700	2824.9100	1731.6300	8290.8000	8211.9000	2736.1000	24148.4300	
1199923200000.0000	3848.5600	3214.7400	1420.3300	484.1000	1128.8600	4406.5200	3510.8100	26865.0400	9044.5100	1694.7700	7713.0900	6147.3000	2830.7300	56471.0000	5400.4300	3189.2000	3442.3100	7353.0000	13863.4700	2018.4600	22102.0100	
1203033600000.0000	3943.1500	3022.3200	1349.9900	434.8100	829.4100	8337.6200	3194.6100	29069.5600	17125.9800	1674.9200	6832.4300	5679.8000	2999.9000	34845.0000	4771.7900	2694.4900	1969.8400	6958.5000	12624.4600	2690.7500	15127.5100	
1214784000000.0000	1638.7800	2918.7800	1280.0000	425.9300	1288.0800	8947.8300	2655.3100	28744.8100	14944.9700	1180.9700	6418.3200	5332.9000	2346.4600	58987.0000	4434.8500	3049.9000	3760.7900	5459.9000	13478.8600	1719.8100	21949.7500	
1229644800000.0000	3595.0000	2197.6900	887.8800	249.5400	1075.9300	6658.6900	3295.6800	29395.4900	18091.9400	1535.5400	4696.7000	3547.2000	2977.5800	65187.0000	3225.9000	2979.5600	3275.0800	7190.8000	13973.7300	3804.0500	12702.0700	
1217894400000.0000	1821.4900	2838.1100	1284.8800	403.4600	1388.5000	7576.4200	2745.6000	22221.6400	15189.6200	968.9700	6518.7000	4882.0000	2436.5200	50718.0000	4386.3500	1639.1800	4518.1600	5880.6000	7863.6900	3557.7500	21108.2200	
1225238400000.0000	3569.3200	2166.1800	930.0900	259.5800	1229.3500	8105.5900	3425.7100	26990.1900	8739.2400	1623.3900	4808.6900	3805.8000	2842.9300	59530.0000	3402.5700	3193.8400	3739.2700	7009.9000	13579.1600	2143.4200	25516.7800	
1205971200000.0000	4105.3900	2871.7200	1329.5100	425.7900	845.7500	4356.9800	3616.8100	19157.3300	16698.0400	1824.6800	6319.9900	5182.4000	3019.5800	67204.0000	4533.7200	3160.7800	1837.9800	7509.5000	14124.4700	4457.9400	20794.2700	
1209081600000.0000	3464.0400	3164.9300	1397.8400	467.8400	1288.1600	9008.4900	3374.4000	31009.0200	16316.2600	1476.6500	6896.5800	5658.7000	2779.7000	35001.0000	4978.2100	1749.6700	4055.0800	7177.4000	8522.5800	2868.8000	24291.8000	
1220832000000.0000	3877.8200	2842.0800	1267.7900	398.7900	1261.8200	8684.9200	3704.1700	26232.5600	9291.0100	1637.9100	6263.7400	5126.3000	2742.6900	64948.0000	4340.1800	2926.5500	4091.7200	7704.4000	12992.1800	1889.6400	22592.3000	
1201564800000.0000	4203.8300	3066.7800	1362.3000	446.0800	884.0600	4439.8000	3416.0000	28263.9500	16677.8800	1747.3500	6892.9600	5754.5000	3067.6000	71798.0000	4941.4500	3130.4200	1921.9600	7261.4000	13250.4300	3278.3300	13405.8500	
1213315200000.0000	1736.5700	3019.2800	1360.0300	459.9600	1330.6100	8262.8700	2651.1500	30413.4800	15587.6200	1023.2000	6765.3200	5479.6000	2317.9500	35717.0000	4682.3000	2723.3000	4053.0600	5537.6000	12666.0400	3401.4400	25289.2400	
1228176000000.0000	4048.9300	2106.6600	848.8100	241.3400	1225.7100	8672.8500	3608.4700	19802.2700	14401.4900	1800.7900	4531.7900	3473.4000	3017.5400	64490.0000	3152.9000	2834.7100	4087.8900	7324.5000	13124.9900	2030.4800	24383.9900	
1208908800000.0000	4390.9900	3164.1900	1379.9300	471.2400	1085.6000	6911.6400	3563.1100	31847.9800	15117.2500	1841.2200	6795.0300	5711.4000	3096.1100	64540.0000	4944.6500	2906.2300	3296.6700	7541.8000	13286.3700	4438.2700	13529.5300	
1212019200000.0000	1781.8300	3157.5300	1398.2600	483.8100	1129.5600	7024.5800	2741.9200	31837.2700	13664.6200	1078.3200	7055.0300	5817.2000	2532.4800	55850.0000	4975.9000	3180.1600	3427.0700	5646.4000	13743.3600	3612.5400	23584.9700	
1226880000000.0000	3754.8500	2115.3200	850.7500	246.3300	1153.7000	7353.8600	3584.2500	29526.7000	16860.9000	1671.7300	4557.2700	3639.5000	2791.7100	57018.0000	3182.0300	1794.2000	3190.4100	7403.9000	8576.9800	2405.2300	24311.6900	
1204502400000.0000	3962.1900	3041.0900	1331.3400	441.4800	1293.0900	8830.0500	3605.6800	31726.8600	9788.0600	1754.7100	6689.9500	5510.7000	2941.5500	61106.0000	4742.6600	3028.2400	4199.0400	7568.1000	14348.3700	2727.5800	20392.0600	
1207612800000.0000	3527.0400	3122.7200	1365.5400	464.4400	863.6100	4870.6600	3311.6100	26875.4500	15696.9000	1496.9100	6771.9800	5634.4000	2892.3800	70416.0000	4912.6900	1951.2000	2060.3100	7094.1000	8458.4500	2651.7300	22104.2000	
1219363200000.0000	3668.3200	2865.5700	1292.2000	408.1900	1227.7600	8201.7900	3378.8900	26986.9800	10581.4900	1564.0000	6342.4200	5010.2000	2983.8200	37257.0000	4400.4500	2622.4100	3699.0000	7182.1000	12346.6300	3626.9800	21704.4500	
1218067200000.0000	3800.7300	2849.0900	1266.0700	405.6900	920.0200	5075.9700	3163.3900	28680.8300	14662.6100	1623.6000	6543.4900	5030.0000	2839.8900	68438.0000	4457.4300	2981.7500	2255.2500	6843.8000	13592.4700	1728.7900	25063.1700	
1214956800000.0000	1997.9000	2808.7900	1261.5200	408.4000	1062.7000	6458.0100	3637.8300	30637.3600	17648.7100	1113.0600	6305.4200	5211.6000	2906.7200	36442.0000	4296.4800	2866.2800	3213.5400	6153.2000	12782.8000	2794.7500	13968.6700	
1210550400000.0000	4269.1900	3244.1100	1403.5800	482.0700	1393.2500	7521.1300	2820.8600	20445.3200	15975.5200	1750.7100	7035.9500	5894.1000	3038.3300	49633.0000	4976.2100	2919.2100	4362.7900	7251.4000	7924.2400	1909.9400	23057.9900	
1225411200000.0000	2080.6200	2238.9500	968.7500	267.6900	1296.3300	8531.3800	3404.5700	29925.2700	13850.0400	1213.7800	4987.9700	3982.7000	2396.2400	59490.0000	3487.0700	1643.6800	3926.1900	5718.5000	8273.2200	2150.7600	15230.5200	
1213660800000.0000	3299.4900	3048.9800	1350.9300	459.8300	1103.4800	7085.6700	2764.6900	20457.9300	9229.7500	1464.9800	6796.1600	5525.9000	2757.1700	61868.0000	4686.3300	1665.5900	3446.7500	7121.4000	9447.5700	4383.3900	19999.7800	
1224115200000.0000	3841.9600	2006.0900	946.4300	248.0400	846.8600	4254.9600	3343.8600	25622.9100	8773.7800	1624.6800	4622.8100	3988.1000	2788.3400	60772.0000	3181.0000	2128.3100	1840.8800	7670.4000	12972.0600	4300.5200	23455.7400	
1221004800000.0000	3689.1300	2793.7100	1232.0400	393.9000	877.6500	4284.0900	3670.6400	28793.6400	11483.4000	1663.9700	6210.3200	4961.4000	2740.2900	35128.0000	4283.6600	2910.7700	1897.0700	7174.1000	12945.3000	2861.4200	22501.3300	
1201737600000.0000	3664.5800	3063.3400	1378.5500	441.3300	966.0600	5291.5600	3558.2600	28612.7500	16542.0800	1562.9200	6851.7500	5697.0000	2826.3500	33405.0000	4869.7900	3064.6000	2561.8000	6858.2000	11743.6100	2001.5000	22532.9000	
1204848000000.0000	1762.9700	2980.8500	1293.3700	435.0900	1280.2300	8483.9500	3148.3200	27988.4700	15695.1000	1006.5400	6513.9900	5368.9000	2302.0100	41569.0000	4618.9600	2361.3400	4068.3200	5649.1000	13757.9100	2017.4700	13509.7800	
1216598400000.0000	1646.6200	2814.1400	1260.0000	400.3600	1248.1900	8829.4000	2730.6800	19916.2100	12595.7500	1016.8200	6424.8400	5075.4000	2489.6100	64629.0000	4327.1400	3098.0600	2840.8000	5524.1000	13237.8900	2017.3200	12815.8000	
1228348800000.0000	2394.3500	2123.1000	845.2200	240.8000	1019.7200	8173.4100	2706.2700	18578.3800	20728.0500	1367.6900	4564.2300	3468.1000	2441.7400	63527.0000	3161.1600	1724.5400	4846.2700	6260.2000	14118.5500	4292.6500	16832.8800	
1227052800000.0000	3772.0100	2047.2600	806.5800	238.1200	1507.0400	8024.4100	2948.9700	22244.6100	18075.6600	1677.1000	4354.0900	3483.2000	2779.7300	46028.0000	3087.8900	3198.5100	4353.6100	7338.8000	8329.0500	3471.7400	23114.3400	
1223942400000.0000	3889.3700	2278.1100	998.0100	284.5100	1425.4900	7228.4100	3619.4700	29277.3500	13454.0000	1764.6400	5199.1900	4311.5000	2938.7600	62188.0000	3628.5200	1659.1700	3302.4600	7312.6000	14130.1700	2293.7800	24187.1000	
1204675200000.0000	2756.7000	3062.1700	1333.7000	444.4000	1134.1400	4405.8600	3540.0100	31649.0500	9686.7500	1456.3600	6683.7100	5471.6000	2631.1600	62297.0000	4756.4200	2992.6600	1723.5700	6500.1000	12480.0900	5497.9000	17880.6800	
1207785600000.0000	4142.9500	3107.4700	1360.5500	459.4800	871.1600	9018.4200	3188.5400	23955.6700	16978.3500	1765.8800	6704.3200	5515.5000	2801.1900	59365.0000	4859.4200	2927.7900	4276.5600	8193.4000	12214.7600	4664.2900	26468.1300	
1222646400000.0000	3971.2400	2498.6200	1106.4200	323.5500	1287.7400	4418.3300	3824.2100	28607.4500	9162.6200	1720.5200	5807.0800	4839.2000	2874.1400	36471.0000	3953.4800	3172.3600	1845.9100	7462.7000	12768.2500	2669.8900	24123.1700	
1200268800000.0000	3728.4800	3221.1500	1416.2500	484.7200	1196.3900	8047.7400	3609.4100	28899.9700	15087.9900	1577.9400	7732.0200	6040.9000	2768.5200	70027.0000	5403.5100	2570.6700	3649.8200	6772.7000	13312.9300	1897.2200	21423.8200	
1203379200000.0000	1725.8900	3116.1400	1348.7800	448.7700	1201.0200	8865.3500	3157.9200	28338.1200	15289.4000	1144.3100	7002.2900	5688.6000	2337.3400	38285.0000	4885.8300	2691.0000	4121.9600	5399.6000	13861.2900	3657.4300	14220.7900	
1215129600000.0000	4402.7100	2797.0100	863.1600	403.3600	1283.6500	8891.7400	2661.7400	22174.2600	17378.4600	1843.7500	6272.2100	5170.0000	2909.3100	66590.0000	4266.0000	2978.9800	3110.5700	7594.6000	14440.1400	2090.7700	25533.4800	
1229990400000.0000	4152.7000	2183.5900	1408.6600	244.5000	1044.0300	6310.6800	3628.5600	31336.5700	14000.8100	1105.0500	4629.3800	3468.2000	3072.1800	59813.0000	3128.4100	3188.0500	3267.9400	5818.8000	7910.7900	2748.8700	15044.8700	
1210723200000.0000	4182.1100	3231.7200	909.7000	488.3900	1070.4600	7033.3700	2699.8100	21168.7200	14048.3400	1740.7200	7083.2400	5940.3000	2885.9000	63826.0000	5055.2400	1662.1000	3505.6900	7158.9000	11368.2600	3626.1900	22797.6100	
1228694400000.0000	3321.2000	2191.0500	1342.8300	248.1200	1139.4100	7309.8300	3340.1000	29847.8500	14942.2800	1655.3000	4715.8800	3553.8000	2967.0000	52393.0000	3247.4800	2358.9100	4587.0900	7462.0000	12778.7100	3523.4100	21108.2200	
1213833600000.0000	3570.8100	2968.2100	1349.8800	446.6800	1439.4900	8184.6500	3605.5700	29634.1600	19013.7000	1811.5100	6721.1700	5484.3000	2827.8100	56382.0000	4591.3900	2707.1900	4153.0800	7215.5000	13504.5100	2079.6700	25914.1500	
1209427200000.0000	3722.5300	3163.5500	1390.9400	471.2200	1262.4900	8724.4700	3361.6900	30270.6400	16063.1800	1477.9200	6885.3400	5672.6000	2896.4700	59421.0000	4977.1000	3054.8100	1826.4100	7190.4000	13688.2800	2350.1400	19352.9000	
1221177600000.0000	3898.2800	2817.0500	1251.7000	399.5700	866.8800	4171.1000	3324.8000	25588.4100	8915.2100	1474.1500	6234.8900	4957.1000	2907.9200	57506.0000	4332.6600	2825.3900	2837.1700	7058.2000	13430.9100	2837.8500	20972.2900	
1219881600000.0000	4380.2800	2912.5400	1300.6800	411.1300	1070.5000	5764.0100	3201.6500	26444.1200	13055.6700	1591.7600	6420.5400	5143.3000	2555.6600	71897.0000	4461.4900	3241.4900	3255.9700	7692.0000	8599.5000	5180.5100	23134.5500	
1216771200000.0000	1516.0900	2840.5600	1282.1900	405.3800	1453.6600	6964.6000	3664.3500	27644.7500	14482.2200	1734.7200	6536.0900	5161.6000	3044.9400	31251.0000	4408.7400	1821.7000	4523.7600	7555.7000	14219.4800	3459.0400	25201.8700	
1200614400000.0000	2767.3800	3064.8700	1325.1900	450.0800	1394.7600	8179.5400	2578.1000	26713.8300	19868.1100	1847.5300	7314.1700	5799.4000	2369.6500	49799.0000	5092.4000	1829.6900	4344.9300	5144.0000	8660.2400	1969.3900	24831.3600	
1212364800000.0000	3558.9400	3123.2700	1385.6700	479.1500	1127.4600	8085.9300	3187.9600	31636.2100	17734.6800	1003.7300	7008.7700	5781.2000	2776.5100	54359.0000	4935.2100	2995.2200	3327.9100	6727.6000	9114.6000	2293.7800	12659.2000	
1227225600000.0000	3907.8400	1936.3900	800.0300	222.9300	1300.6700	7325.6200	3321.0000	18251.4100	15503.9200	1439.6700	4127.4100	3386.9000	2894.2300	58777.0000	2881.2600	3147.7900	4229.8900	7093.7000	12706.6300	2350.0800	21056.6600	
1222819200000.0000	3936.9800	2567.4900	1161.0600	334.2400	854.6600	4413.4500	3752.3900	25117.3200	17434.9400	1490.2500	5806.3300	4814.5000	2684.5100	63792.0000	4054.5400	1939.2200	1833.0400	7847.5000	13766.8600	5290.6100	24450.8500	
1219708800000.0000	3638.7800	2847.7600	1271.5100	403.2400	905.5800	9197.4100	3370.1900	26071.4600	9654.9000	1704.9700	6340.5200	5082.3000	2910.0400	54720.0000	4368.5500	3077.0800	2229.5900	7486.1000	9005.5900	4527.1800	23623.0000	
1200441600000.0000	4498.2500	3081.2500	1373.2000	462.6100	1245.4200	4658.8700	3657.2000	27343.5700	10631.1200	1704.3600	7471.5700	5870.8000	2926.3800	72767.0000	5225.3900	2860.8500	3809.1300	7337.7000	13859.7000	2470.0700	21859.3400	
1203552000000.0000	1795.1900	3099.3400	1342.5300	453.1400	909.5100	4992.6300	2711.5500	29361.3200	16086.8300	1581.0900	6904.8500	5663.0000	2963.8400	39004.0000	4858.8500	2922.9100	2124.8000	7653.7000	12658.2800	1852.4200	25618.8600	
1218412800000.0000	2210.0000	2890.0000	1305.3200	412.1300	1419.6600	8768.0200	2844.3100	26943.6900	10223.0900	1888.8800	6609.6300	5069.3000	2321.5100	40255.0000	4538.4900	3134.8000	4490.6700	5751.9000	13334.7600	3624.2300	15577.7400	
1210896000000.0000	3671.7100	3278.9300	1425.3500	490.7800	1206.5400	4931.8400	3425.4500	31486.9500	18660.3200	1145.8700	7156.5500	6006.1000	2627.1500	61415.0000	5078.0400	2901.5800	3986.4400	6400.0000	13067.2100	2079.1200	14384.3400	
1228867200000.0000	2067.5600	2233.6800	899.2400	256.1500	1141.7500	8381.6000	3630.4100	21689.8400	16123.1500	1153.3500	4804.8800	3573.3000	2866.6100	39441.0000	3320.3100	1780.5700	3402.3800	7184.5000	14435.5700	1706.7000	22617.0100	
1225756800000.0000	3931.2900	2377.6200	1005.7500	291.1300	1253.1200	7233.6200	2889.9200	21535.2700	14274.9400	1679.6700	5278.0400	4169.8000	2546.3000	62368.0000	3691.0900	3042.9600	4113.5500	6216.5000	8747.1700	3606.8600	25755.3500	
1206489600000.0000	3729.1000	2958.9800	1341.1300	438.1100	1135.4900	8627.8000	3711.7300	30057.2600	13926.2400	1207.6300	6489.2600	5421.3000	2807.9700	57199.0000	4676.6800	3199.8800	3372.6200	7751.7000	12917.5100	1974.0100	15323.0100	
1224460800000.0000	3598.9500	3165.2300	1409.3400	269.4100	1233.4300	7075.6500	3520.4600	20786.2100	15514.7900	1690.1300	4835.0100	5652.7000	2774.9800	68673.0000	3448.5100	2297.1200	1751.6200	7143.0000	14160.0900	4672.1700	25032.0800	
1202083200000.0000	4310.1300	2200.2600	985.4000	451.9100	1287.4300	4416.1600	3254.1600	29466.1700	9533.5200	1641.4800	7000.4900	4098.7000	2922.0700	60253.0000	4973.6400	2811.7900	3937.7900	7015.0000	10938.1400	4165.8800	22995.3500	
1205193600000.0000	3676.8600	3145.1800	1380.8200	433.6400	1016.7000	8892.6800	3557.6900	27084.7700	17230.1800	1597.9300	6524.5700	5921.7000	2803.8200	37060.0000	4627.6900	2886.6200	4165.6200	7514.5000	13023.0500	2865.1000	22740.7100	
1216944000000.0000	1751.5300	2973.2600	1320.6500	395.7700	1112.5300	9068.8900	3112.5600	31448.1100	12526.3200	1833.8100	6436.7100	5211.1000	3047.9600	62153.0000	4377.1800	3397.0600	2804.9500	6803.1000	13033.1000	3369.9100	24123.2500	
1212537600000.0000	3855.4400	2783.5700	1257.7600	478.5700	1121.2500	5742.2300	2677.6400	27877.3300	15093.1200	1537.4300	6965.4300	5028.9000	2373.1900	73517.0000	4915.0700	1740.3400	3287.9300	5465.0000	8235.8700	2875.4500	21821.7800	
1215648000000.0000	4409.0300	3108.2000	1377.2000	401.9300	1435.3800	7292.3400	3470.9600	22392.3800	13349.6500	1117.5900	6305.0000	5698.2000	2966.3800	44517.0000	4231.5600	1819.2000	3285.5900	7139.5000	8899.1400	1850.4800	14328.4800	
1230508800000.0000	2816.5500	2794.4400	1253.3900	240.8100	852.2700	7051.8500	3647.1900	31192.4800	20345.2000	1746.7100	4704.8600	5020.5000	3021.0200	54573.0000	3130.7200	2979.1500	5133.3300	7626.6000	13857.4700	3296.6700	23811.2000	
1208131200000.0000	3515.4500	2214.9700	869.4200	450.7600	895.9500	8184.2000	3151.5400	31526.1700	9690.0700	1873.1500	6554.4900	3554.2000	2607.6200	59536.0000	4766.4900	3031.9000	1810.2600	6879.8000	12820.4700	3443.1600	25169.4600	
1211241600000.0000	3713.2300	3040.2200	1328.3200	487.2700	1195.4100	4481.2700	3345.2400	22989.5000	9734.2200	1562.7200	7118.5000	5410.9000	2884.8400	62892.0000	5054.8800	1821.1300	2070.4000	7193.5000	8674.6900	2293.7800	17682.4000	
1222992000000.0000	4466.4700	3219.6500	1413.4000	344.0200	1258.4100	4694.1200	3160.5900	26877.0700	14293.3200	1533.4700	5797.0300	5994.9000	2820.5100	39374.0000	4080.7500	2461.4300	3524.8500	6788.1000	11609.7200	2446.3000	21293.3200	
1218585600000.0000	1700.8000	2580.0700	1099.2300	410.3300	904.2800	7876.4900	4033.9300	28551.2500	16371.2900	1852.7300	6422.1900	4702.8000	2989.6700	36362.0000	4402.9700	2931.9700	3973.6900	8318.8000	13099.2400	2814.9500	21220.8100	
1215475200000.0000	2001.4500	2836.8000	1285.8300	402.7900	1012.3700	8623.4800	2676.9500	28860.7800	10169.9000	1103.8200	6304.4100	4995.9000	2344.1700	64640.0000	4275.6100	2805.5500	2025.9300	5636.2000	12433.4400	5319.8600	26887.2800	
1199318400000.0000	4057.3600	2808.2100	1273.7000	508.6700	1415.9400	4862.5900	2840.1300	19650.8600	13518.8000	1092.2200	7908.4100	5022.4000	2527.0600	60452.0000	5546.0800	2713.7900	2933.4300	5924.9000	12834.1800	1954.2100	14758.3900	
1229040000000.0000	3827.8600	3361.3000	1447.1600	247.7500	1201.3500	5756.5900	3287.5600	29464.5400	18139.4900	1715.5900	4663.3700	6372.6000	3047.2900	35070.0000	3213.6000	3146.7300	4359.4300	7026.9000	12573.0500	1717.7200	13790.0400	
1225929600000.0000	1973.9000	2190.4700	879.7300	260.6100	1354.4800	8210.9900	3447.5000	30089.9000	15357.3500	1701.8300	4813.5700	3452.5000	2890.4000	49229.0000	3387.2500	1761.5600	3892.3500	7239.4000	14489.4400	2760.4200	22714.9600	
1214179200000.0000	3077.5100	2200.0900	904.8800	437.4400	1248.5700	6813.0900	2899.4000	18787.3400	14498.5100	1134.5900	6589.4600	4106.5000	2391.5700	58969.0000	4511.3700	1653.2500	3268.9200	5925.5000	8323.9300	3580.1500	23285.9500	
1206662400000.0000	3876.9400	2944.5000	1318.0000	440.9900	876.7500	7581.9600	3227.3000	27929.2900	16729.9400	1387.7500	6559.9000	5408.9000	2759.8500	62280.0000	4695.9200	3087.4900	4253.2500	6732.9000	13146.1300	1895.8200	14266.6000	
1224633600000.0000	3738.7400	2982.0000	1315.2200	255.0800	860.1800	8745.3500	3573.9100	29703.0900	15572.1800	1615.6200	4571.0700	5401.2000	2745.0300	55162.0000	3298.1800	3160.8600	4096.5000	7565.5000	13978.4600	1986.6400	18300.6100	
1221523200000.0000	3574.2900	2083.6100	896.7800	371.2000	1253.6400	4591.2200	3357.7000	26424.7000	9647.3100	1414.4300	5965.1700	4120.1000	2847.6800	56097.0000	4087.4000	1885.0200	1786.5100	7251.7000	9081.4300	3971.2600	23469.4600	
1202256000000.0000	3768.2800	2616.8200	1213.6000	442.3300	1277.5700	4266.4900	3607.1300	26892.7400	8695.5300	1609.0200	6847.5100	4799.9000	2872.8300	69786.0000	4816.4300	3064.9500	1901.4200	7227.8000	13914.5700	2325.1400	22301.6400	
1205366400000.0000	4272.1300	3062.3000	1326.4500	434.5500	904.2400	9066.0400	3548.0800	31149.0600	16244.1900	983.3200	6500.5600	5677.6000	2546.8800	34813.0000	4630.1900	3046.5400	3943.8700	7487.9000	12656.4200	4559.7500	20906.3100	
1220227200000.0000	1797.8600	2975.3400	1315.4800	412.0900	1370.7900	9008.0300	2715.7100	22380.3200	16907.1100	1758.5600	6421.8000	5215.7000	3017.3900	64152.0000	4472.1300	2797.5000	4093.7200	7386.4000	13019.4100	3329.6700	21757.6300	
1200960000000.0000	3981.3900	2918.7500	1310.5000	433.2700	1250.4100	4740.2700	2634.8800	19297.6300	10536.1600	1835.4200	6769.4700	5200.0000	2413.0000	36776.0000	4842.5400	2986.6200	2190.9900	5478.4000	13829.9200	1820.8100	24402.1800	
1212710400000.0000	2071.5800	2989.1500	1360.6800	471.2300	1095.0500	8286.3100	3591.3400	31910.2100	17650.5700	1152.4600	6803.8100	5222.0000	3027.9100	65001.0000	4795.3200	3248.0400	4377.1500	7250.7000	7649.0800	1888.7100	14387.4800	
1230681600000.0000	3992.2500	3073.7800	903.2500	245.9400	1209.1100	8419.7200	2837.8500	31245.6800	15626.6200	1709.1300	4810.2000	5691.2000	3025.4600	62775.0000	3217.9700	1600.2800	4063.8900	7578.0000	11489.3000	3291.6000	12878.6000	
1227571200000.0000	3878.7900	2268.0700	857.3900	245.8400	1274.6100	7196.5000	3570.7500	20020.5300	14220.0700	1702.2500	4560.4200	3659.3000	2614.4600	54244.0000	3209.5600	2419.2100	3584.5300	6090.6000	13017.2400	3485.6300	23878.3500	
1208304000000.0000	4049.1600	2127.7500	1364.7100	463.2200	859.1100	7855.0600	3533.5600	29962.8800	17490.9000	1717.7900	6702.8400	3575.4000	2937.3700	65853.0000	4855.1000	2706.5300	4279.1300	7615.8000	12689.5900	1874.8000	25043.1200	
1211414400000.0000	4341.7500	3147.4000	1394.3500	485.6100	991.6600	8837.0700	3351.1300	31787.6800	8701.0700	938.7500	7070.3300	5534.6000	2921.3700	70175.0000	5028.7400	2886.5600	1728.4900	7494.3000	13159.4500	4192.5300	14744.6300	
1226275200000.0000	1856.8300	3212.5700	919.2100	267.1300	1415.9400	4579.6200	3281.2900	27340.8300	13315.6000	1392.4200	5025.5300	5920.0000	3077.5600	31482.0000	3505.7500	3050.0900	2952.8100	7235.9000	13092.7800	3329.1600	23269.1400	
1203897600000.0000	2881.4700	2265.3400	1371.8000	459.0100	1085.3800	5641.9500	3680.5200	29569.4400	17464.8900	1426.8900	6882.5600	4060.0000	2979.3500	48423.0000	4919.2600	2904.1200	4316.3300	7081.4000	13010.1600	2450.6100	23137.4600	
1207008000000.0000	3750.6100	3133.6000	1370.1800	453.6200	1150.8000	6584.9300	2778.5500	30958.8900	13791.5400	1567.2000	6720.3300	5699.8000	2342.9000	59076.0000	4866.0000	1710.5200	3293.9800	7658.3000	8373.3900	2905.0100	21160.5800	
1218758400000.0000	3562.4500	3069.5200	1298.2000	409.8600	1383.3500	7014.4700	3158.9200	16978.8400	17221.7400	1663.0000	6446.0200	5414.5000	2734.9300	53527.0000	4453.6200	3124.8700	3370.0400	5675.1000	13476.4500	3761.0100	22635.1600	
1214352000000.0000	3631.3500	2842.9600	1321.9700	439.5600	1144.0000	7517.0500	3612.4100	24577.9000	13330.5100	1558.6200	6617.8400	5038.9000	2843.9400	58043.0000	4536.2900	1784.0100	4426.5300	6623.3000	8695.5100	1839.6200	26183.9500	
1209945600000.0000	3888.0800	2944.0200	1407.4900	481.3800	869.9800	7156.9600	3373.4500	28185.2600	9536.3300	1063.4800	7052.0800	5363.1000	2946.3000	57463.0000	5063.3600	2177.5500	3315.6600	7447.0000	10155.9000	1895.8400	12618.3800	
1224806400000.0000	3546.9500	1994.7500	876.7700	245.9200	1267.6500	4453.7500	3235.5000	26467.7900	11695.2400	1771.9000	4295.6700	5797.7000	2671.1600	60721.0000	3193.7900	3094.4500	1908.1800	7256.6000	14031.3000	2276.6700	17632.4600	
1221696000000.0000	1822.3100	2547.7600	1206.5100	351.6600	890.3400	9074.3400	3658.6100	27318.6400	17825.9900	1123.8600	5863.4200	3831.6000	2770.1900	36213.0000	3957.8600	3171.5500	4080.6500	6993.3000	13389.9000	2850.3100	20585.0600	
1202428800000.0000	4061.8300	3017.0100	1331.2900	432.1000	997.2300	4615.5700	3080.1000	27905.1300	15832.5500	1366.1000	6767.2800	4651.9000	2432.5600	64923.0000	4709.6500	2544.1300	2010.5200	7691.0000	12090.5900	4717.7300	22258.0000	
1220400000000.0000	1869.9100	2870.2900	1274.9800	406.3200	1376.6200	5524.6600	2668.7400	27517.1100	13994.9600	1720.8900	6467.4900	5723.9000	3064.4900	34374.0000	4447.1300	3353.0600	2625.0400	6675.3000	14500.5500	2878.2600	23539.2700	
1217289600000.0000	2468.8800	2763.0300	1263.2000	395.1000	1225.5800	8462.0800	3557.4700	20201.8200	20812.6500	1763.6300	6398.8000	5130.5000	2476.6200	40140.0000	4320.4900	2926.2300	4316.5900	5640.8000	13021.9600	1917.8600	22014.4600	
1201132800000.0000	3957.2600	3060.4900	1352.0700	444.2300	1028.6200	8596.3400	2772.1900	31795.6800	16608.0100	1460.3400	6821.0700	4923.3000	2345.2200	65495.0000	4915.2900	1782.0900	4100.1800	7418.0000	8568.0200	3094.6700	13552.0600	
1215993600000.0000	3903.1000	2743.1500	1228.3000	395.3500	1470.7700	6110.6000	3004.1900	18804.9500	9976.9800	1831.1400	6200.2500	5605.8000	2933.1100	64175.0000	4142.5300	2955.9100	3175.5400	5702.9000	13544.3600	1859.1100	24197.7800	
1227744000000.0000	3220.3600	2160.5200	1390.3300	253.2600	1417.5200	7883.3700	3562.3700	20884.7400	13802.2200	1643.2900	4665.2700	5007.9000	2918.5100	51541.0000	3250.3900	3228.9500	5108.0400	6427.8000	14102.4800	2157.8400	13939.0900	
1208476800000.0000	4332.3500	3158.1400	852.3000	474.7500	854.8000	7553.3000	3629.9800	30424.7600	17339.3100	1161.5600	6843.0800	3528.2000	2743.4400	60772.0000	4961.6900	2792.7500	4349.0100	7782.5000	11787.5100	4334.0500	16803.7600	
1226448000000.0000	3864.0000	2148.5300	996.2300	249.2500	1190.5400	4616.8900	3255.7200	31689.6100	14809.4900	1684.4500	4620.8000	5504.1000	2851.0400	61805.0000	3233.9600	2574.2100	1741.5700	7516.2000	12212.2300	3446.2400	24483.8400	
1223337600000.0000	1742.8400	2387.2500	1380.0200	309.4400	1287.1500	7548.7600	3953.5800	25131.9100	14483.8300	1854.0100	5326.6300	3883.6000	2826.4200	39993.0000	3732.2200	2929.6500	3424.1600	6887.4000	13376.8100	2236.4100	24264.6300	
1204070400000.0000	3914.5600	3174.3900	1369.3100	462.5800	1177.5300	8926.3400	3574.8400	28152.5600	14355.7500	1574.4400	6997.8500	4597.9000	2335.7000	64321.0000	4968.8200	3033.0500	4261.2900	8110.6000	12760.8000	5393.3400	19632.2000	
1207180800000.0000	4370.5200	3080.6400	1207.0900	455.3000	1070.5400	8005.4600	2695.0800	28869.9600	12575.8000	1404.3800	6741.7200	5842.5000	3025.1000	69018.0000	4887.8700	2835.3200	3783.4600	7546.9000	14021.1700	1975.0100	27179.4900	
1222041600000.0000	3524.6400	2726.2200	1416.1800	375.1900	1163.0900	6307.2800	3226.9100	22032.5400	14889.2500	1594.6700	6107.7500	5645.8000	2924.4300	60012.0000	4223.5100	3103.3000	3143.9200	5567.1000	13690.1900	2748.4300	22921.6700	
1199664000000.0000	3350.1900	3277.8500	1348.8600	500.6300	1119.4200	7024.0600	3596.8200	29295.0000	16348.5000	1507.4000	7817.1700	5050.1000	2835.9500	51940.0000	5452.8300	1759.1400	3394.6400	6861.5000	8462.3900	3579.1500	15130.2100	
1202774400000.0000	3659.7400	3083.4900	913.1800	443.8900	1230.9600	8370.0000	3429.4400	30762.1600	9385.4200	1774.3800	6967.8400	6240.4000	2771.2500	59505.0000	4840.7100	2102.7100	3155.1100	7639.2000	9157.4900	3820.0500	22042.3500	
1229385600000.0000	3436.3800	2206.5500	1278.3800	248.2600	1273.3700	6710.6400	3336.1800	25904.1800	17578.7200	1800.5800	4729.9100	5669.4000	3014.8000	62056.0000	3251.6600	3026.4500	3925.7700	6774.3000	13603.0200	2202.4500	25610.2100	
1214524800000.0000	4166.4400	2873.5800	1392.5700	425.9200	881.6500	8707.8300	3336.2800	27501.0200	13692.5200	1088.2600	6421.9100	3498.9000	3018.0800	67775.0000	4397.3200	2477.6000	4021.8500	6976.6000	12115.0300	2775.7200	21084.6100	
1210118400000.0000	4344.8800	3259.0800	1276.6000	485.3000	968.8900	4452.7000	3505.9000	27968.8200	14543.7300	1294.8900	7076.2500	5349.4000	3053.0200	71629.0000	5075.3100	2728.3900	2007.0900	7141.2000	12865.0500	3072.3300	19933.2800	
1205712000000.0000	1807.7100	2832.3800	1242.3100	415.9200	1357.4000	5130.7100	3059.3600	30898.8700	20869.7800	1711.6200	6182.3000	5757.8000	2551.7200	35789.0000	4431.0400	3344.5300	2503.0100	7284.2000	14599.1600	2705.8700	22731.1000	
1220572800000.0000	2161.3600	2736.6400	1267.3800	389.2200	1028.4000	8412.7600	3573.7500	31314.5500	17766.6300	1495.9800	6127.4400	5173.2000	2202.4600	37080.0000	4196.6600	3045.5900	4133.0300	6583.5000	13626.4500	3364.5400	21223.5000	
1217462400000.0000	3871.5100	2810.1000	1245.3600	399.9500	1069.4200	6132.6000	2767.6700	19562.1400	10076.4300	1541.4100	6479.5600	4949.5000	2836.8300	63489.0000	4392.3600	1798.9500	3062.8300	7363.9000	8667.2300	1986.4400	23375.5200	
1213056000000.0000	3123.8300	3029.4000	1358.4400	464.1900	1491.6600	6978.6000	2944.4000	20310.2000	14577.8700	1844.4700	6771.1000	5052.6000	2754.5300	49843.0000	4761.0800	2876.0800	3326.1100	5834.8000	12933.1800	2074.5800	24127.3100	
1216166400000.0000	3415.5300	2673.8600	873.2900	383.9900	1436.1000	8085.0600	3582.7200	28918.5200	16737.0700	1697.4500	6155.3700	5544.3000	2817.4600	53639.0000	4112.4500	3162.0300	5072.6500	5798.8000	13655.3400	4348.5400	13542.6600	
1211760000000.0000	4282.3600	2167.1100	909.9200	478.2900	880.5000	7865.2800	3259.6800	24944.2500	9008.0800	1175.9100	6953.8400	4947.5000	2749.8100	62674.0000	4937.8400	1666.4900	4424.7000	7533.9000	7621.9200	2216.8100	15943.2400	
1226620800000.0000	3918.2300	2244.7200	1330.6300	252.4700	1148.6800	4694.8100	3319.1200	26732.1100	14994.8300	1543.0500	4710.2400	5807.5000	2852.3100	61819.0000	3291.4700	2833.2100	1738.4900	6780.3000	12260.4400	2344.4700	24331.6700	
1223510400000.0000	1716.0900	3073.0000	1185.8700	281.9700	1285.2700	6977.3600	3912.1700	28401.6100	18152.7800	1823.7000	4887.0000	3726.0000	2351.3700	39536.0000	3442.7000	3041.0600	3362.1800	7115.2000	13087.9100	5435.8100	18961.9900	
1204243200000.0000	3580.9300	2648.6500	1266.6900	446.5300	832.4400	8792.3900	3550.4100	29138.9200	13635.4000	999.1600	6748.1300	4291.3000	2962.3200	55609.0000	4790.6600	2847.7300	4205.9000	8339.8000	12803.7000	4552.3200	20484.3700	
1222214400000.0000	4262.1700	2768.9300	1409.1300	360.6200	1186.5400	4399.9700	2707.5900	22347.1700	15250.2000	1622.2300	6052.8700	5674.7000	2919.6800	69646.0000	4114.5400	3020.1500	3825.1600	7502.0000	13888.6000	2015.6900	27615.8500	
1219104000000.0000	1734.6000	3244.0900	1348.8600	398.7500	1380.5400	8179.3500	3319.2200	26487.7600	8839.8700	1627.1900	6282.4300	5008.2000	2389.8500	33387.0000	4332.7900	1690.2300	4442.3400	5515.0000	8397.2200	2741.7400	24021.6800	
1199836800000.0000	3598.2800	3071.6100	885.2800	491.7400	1105.0400	7485.7900	3601.1700	30674.3600	16783.8700	1509.9900	7782.7100	4930.4000	2838.4500	58827.0000	5435.4200	3187.2300	3406.7600	7078.2000	13547.8200	3613.4900	15497.8100	
1202947200000.0000	3781.9400	2221.7100	1249.0100	442.5300	1225.5400	6815.3200	2687.1000	18632.5300	16525.3700	1739.3600	6962.2800	6159.5000	2658.7400	58594.0000	4858.6500	3132.7800	3839.4400	7484.0000	13709.4400	1771.8200	22514.9200	
1229558400000.0000	3602.1200	2765.6900	1388.2800	249.8800	848.4300	8062.3100	3467.2600	29071.3400	15757.0800	1058.6200	4756.4000	5748.2000	2821.8500	59988.0000	3234.1500	3181.9200	1860.2700	5538.5000	13450.2300	3761.6000	25063.1700	
1217808000000.0000	4196.1500	3233.1100	940.5100	392.4800	1279.3000	4518.4300	3710.3200	27758.9300	13102.1800	1787.4900	6349.8100	3521.7000	3050.0800	67322.0000	4280.6300	2411.4600	4055.5900	7073.0000	11893.1600	4419.2900	12596.2900	
1210291200000.0000	1710.5000	2010.7400	1298.4200	480.4000	1260.5800	9037.2500	3120.9100	28169.7700	14243.7300	1805.6400	7003.1700	4957.6000	2334.5200	34741.0000	4960.5600	2713.4700	4090.0900	7581.7000	12752.2100	2957.5300	21866.9400	
1225152000000.0000	3992.6000	2898.7100	1353.9600	237.9600	1221.0700	8665.7300	3439.2200	30475.4400	20827.4500	1773.5600	4823.4500	5844.4000	3043.8500	65413.0000	3114.9200	2886.7800	4164.2500	6827.3000	14110.7900	2778.3700	24053.6100	
1205884800000.0000	4388.7700	3012.3000	1260.6800	426.9400	1020.5300	8729.7900	2682.9300	19533.0800	15073.5400	1476.3300	6361.2200	3755.4000	3070.3300	73153.0000	4555.9500	2906.7900	3017.8900	7222.8000	13254.8900	1894.6100	21874.1900	
1201478400000.0000	4004.8800	2798.2300	1339.8700	439.3200	1071.4300	5929.6300	3583.2600	32039.7200	12961.6800	1512.5900	6818.8500	5349.2000	2946.4200	64176.0000	4848.3000	-5.0000	3268.8100	5527.6000	13463.2000	3147.7900	23023.8600	
1216339200000.0000	2998.0800	3009.8000	816.2100	395.9400	1516.2200	6918.4800	3547.0100	31647.0300	-5.0000	1782.2700	6382.6500	5433.2000	2784.2300	50783.0000	4299.3600	-5.0000	4858.3500	7328.9000	-5.0000	3459.0300	14108.8400	
1213228800000.0000	3481.1800	2079.2900	1375.9400	459.1100	1133.5900	8029.3100	3644.4900	31715.4400	-5.0000	1578.7100	6714.5200	4915.3000	2839.6500	55935.0000	4672.3000	-5.0000	3438.8200	7474.5000	-5.0000	3599.6200	24939.1500	
1228089600000.0000	4118.5800	3141.3200	1390.8400	235.5000	1174.8300	7026.2400	3187.5800	25593.7700	-5.0000	1666.4600	4394.7900	3619.0000	2821.7000	61942.0000	3080.4300	-5.0000	3286.8300	7639.3000	-5.0000	2293.7800	24249.5100	
1208822400000.0000	3665.9900	3156.5600	1372.5400	466.0800	-5.0000	7407.9800	3332.0500	26534.9700	-5.0000	-5.0000	6728.3000	5628.4000	2984.7200	57542.0000	4872.6400	-5.0000	-5.0000	6815.5000	-5.0000	2431.7200	24578.7600	
1211932800000.0000	3828.5100	3139.3100	1213.2700	481.6600	-5.0000	-5.0000	3872.1800	28723.8200	-5.0000	-5.0000	7033.8400	5754.5000	2952.8800	63396.0000	4971.1100	-5.0000	-5.0000	7000.5000	-5.0000	5484.6800	18682.0900	
1207526400000.0000	-5.0000	2640.2400	1277.7200	465.3800	-5.0000	-5.0000	3352.3400	27342.3900	-5.0000	-5.0000	6821.0300	5684.1000	-5.0000	-5.0000	4944.6000	-5.0000	-5.0000	8159.7000	-5.0000	2719.3700	20392.0600	
1222387200000.0000	-5.0000	2794.4100	1401.0200	354.5800	-5.0000	-5.0000	3175.2700	29221.1100	-5.0000	-5.0000	6063.5000	4934.6000	-5.0000	-5.0000	4163.3800	-5.0000	-5.0000	7209.3000	-5.0000	2651.6000	26867.0100	
1219276800000.0000	-5.0000	3206.6400	1289.1900	400.2300	-5.0000	-5.0000	-5.0000	-5.0000	-5.0000	-5.0000	6236.9600	4949.6000	-5.0000	-5.0000	4304.6100	-5.0000	-5.0000	6849.7000	-5.0000	-5.0000	-5.0000	
1200009600000.0000	-5.0000	2854.7100	1284.9100	481.8300	-5.0000	-5.0000	-5.0000	-5.0000	-5.0000	-5.0000	7717.9500	6054.4000	-5.0000	-5.0000	5371.4100	-5.0000	-5.0000	-5.0000	-5.0000	-5.0000	-5.0000	
1217980800000.0000	-5.0000	2843.5400	-5.0000	410.5100	-5.0000	-5.0000	-5.0000	-5.0000	-5.0000	-5.0000	6561.3900	5018.1000	-5.0000	-5.0000	4448.3300	-5.0000	-5.0000	-5.0000	-5.0000	-5.0000	-5.0000	
1214870400000.0000	-5.0000	-5.0000	-5.0000	414.5200	-5.0000	-5.0000	-5.0000	-5.0000	-5.0000	-5.0000	6315.9400	5261.1000	-5.0000	-5.0000	4341.2100	-5.0000	-5.0000	-5.0000	-5.0000	-5.0000	-5.0000	
