null#
# M e s s w e r t t a b e l l e  der Reihen:
#
# ^ATX_Close [248,248] Werte
# ^FTLC_Close [253,253] Werte
# ^GSPC_Close [252,252] Werte
# ^AEX_Close [255,255] Werte
# ^KLSE_Close [247,247] Werte
# ^TWII_Close [245,245] Werte
# ^NZ50_Close [213,213] Werte
# ^MXX_Close [252,252] Werte
# ^BSESN_Close [247,247] Werte
# ^KS11_Close [247,247] Werte
# FDAX.EX_Close [255,255] Werte
# ^AORD_Close [253,253] Werte
# ^IPSA_Close [248,248] Werte
# ^BVSP_Close [250,250] Werte
# ^FCHI_Close [255,255] Werte
# ^STI_Close [257,257] Werte
# GD.AT_Close [258,258] Werte
# ^SSMI_Close [255,255] Werte
# ^N225_Close [248,248] Werte
# 000001.SS_Close [229,229] Werte
# ^HSI_Close [253,253] Werte
#
#
Y	Y	Y	Y	Y	Y	Y	Y	Y	Y	Y	Y	Y	Y	Y	Y	Y	Y	Y	Y	Y	Y	
1375228800000.0000	2337.7400	3578.3500	1685.7300	369.8100	1772.6200	8107.9400	4537.9800	40837.8800	19345.7000	1914.0300	8275.9700	5035.7000	3732.5400	48234.0000	3992.6900	3221.9300	884.6000	7820.4000	13668.3200	1993.8000	21883.6600	
1372118400000.0000	2190.0400	3289.2100	1588.0300	335.4000	1728.6400	7663.2300	4316.9900	37901.7700	18629.1500	1780.6300	7811.3000	4633.5000	3821.2600	46893.0000	3649.8200	3089.9300	840.7100	7397.4000	12969.3400	1959.5100	19855.7200	
1370822400000.0000	2401.0700	3446.9400	1642.8100	352.8600	1787.8000	8160.5500	4473.3800	40721.3500	19441.0700	1932.7000	8307.6900	5314.3000	4030.7800	51317.0000	3864.3600	3200.5100	939.7800	7790.5000	13514.2000	2220.5000	21615.0900	
1385683200000.0000	2645.6700	3612.5300	1805.8100	396.5500	1812.7200	8406.8300	4794.9500	42499.1300	20791.9300	2044.8700	9405.3000	5373.7000	3789.0600	52482.0000	4295.2100	3176.3500	1195.6800	8264.2000	15661.8700	2164.3200	23881.2900	
1382572800000.0000	2550.3800	3643.5900	1752.0700	390.2100	1818.9300	8413.7200	4834.9400	40246.7300	20725.4300	2046.6900	8980.6300	5129.3000	3906.8800	54877.0000	4275.6900	3217.9500	1174.4100	8233.2000	14486.4100	2278.4000	22835.8200	
1363305600000.0000	2496.4700	3490.9900	1560.7000	353.5800	1627.6400	7927.4900	4387.0600	42605.0500	19427.5600	1986.5000	8042.8500	5151.6000	4409.4300	56869.0000	3844.0300	3286.0500	960.4200	7864.4000	12560.9500	2211.7700	22533.1100	
1381276800000.0000	2463.5700	3439.1900	1656.4000	367.1900	1769.1200	8344.7300	4710.6300	39866.1700	20249.2600	1933.7400	8516.6900	5188.9000	3776.5300	52548.0000	4127.0500	3154.8400	1111.7100	7755.3000	14037.8400	2123.1100	23033.9700	
1378166400000.0000	2460.5700	3507.3000	1639.7700	367.0900	1724.2100	8088.3700	4606.7100	39541.5100	18234.6600	1980.4100	8180.7100	4812.1000	3613.7000	51626.0000	3974.0700	3054.7800	920.4600	7866.2000	13978.4400	2320.9100	22394.5800	
1358899200000.0000	2439.4500	3315.0200	1494.8100	353.0100	1635.2500	7744.1800	4503.2200	45442.9800	20026.6100	2026.4900	7707.5400	5120.4000	4510.9500	61966.0000	3726.1700	3231.2300	1019.4100	7392.0000	10486.9900	2365.5900	23635.1000	
1362009600000.0000	2466.6000	3417.4000	1514.6800	340.5300	1637.6300	7897.9800	4526.2400	44120.9900	18861.5400	1917.6400	7741.7000	5102.3000	4558.4600	57424.0000	3723.0000	3269.9500	1007.9900	7593.7000	11559.3600	2085.6000	23020.2700	
1376870400000.0000	2497.9300	3506.1900	1646.0600	373.8000	1778.3600	7900.2100	4675.8800	41484.2500	18307.5200	1997.9400	8366.2900	4712.3000	3702.9200	51574.0000	4083.9800	3173.3300	927.0000	7939.4000	13758.1300	2276.0700	22463.7000	
1357603200000.0000	2481.1300	3238.0400	1457.1500	349.1100	1688.9100	7721.6600	4915.6700	44571.2000	19742.5200	1973.4500	7695.8300	4964.3000	4405.9400	61128.0000	3705.8800	3205.5200	980.5200	7074.5000	10508.0600	2148.2800	23111.1900	
1369353600000.0000	2447.9200	3577.1400	1649.6000	364.6300	1847.5000	8209.7800	4639.3300	40521.2700	19704.3300	1974.6300	8305.3200	5099.3000	4197.2900	56406.0000	3956.7900	3393.1700	1035.1200	8168.8000	14612.4500	2126.7700	22618.6700	
1387324800000.0000	2479.5900	3535.7300	1810.6500	381.1700	1794.8000	8349.0400	4582.8900	42079.8700	20859.8600	1995.4800	9181.7500	5386.8000	3664.8200	50563.0000	4109.5100	3061.7800	1146.2600	7881.3000	15587.8000	2288.5300	23143.8200	
1384214400000.0000	2636.5700	3644.4400	1767.6900	393.3800	1685.4000	8195.2600	4735.6100	39594.6400	20281.9100	1983.2200	9076.4800	4966.4000	3781.4600	51804.0000	4263.7800	3180.2500	1129.8600	8261.3000	14588.6800	2225.2900	22901.4100	
1364947200000.0000	2373.7500	3453.8700	1553.6900	349.6000	1766.0700	7942.3500	4621.7300	43717.5700	18801.6400	1979.4500	7874.7500	5180.6000	4347.3500	55563.0000	3754.9600	3321.7700	837.8200	7875.1000	12362.2000	2232.9700	22337.4900	
1368057600000.0000	2405.7600	3544.7800	1626.6700	359.1500	1782.5100	8285.8900	4442.1200	41682.6400	19939.0400	1923.3800	8262.5500	4980.3000	4349.4600	55448.0000	3928.5800	3432.7800	1066.2900	8093.0000	14191.4800	2029.4200	23211.4800	
1360540800000.0000	2416.8500	3367.1300	1517.0100	344.9900	1837.8800	8099.8800	4483.6600	45063.8800	19460.5700	1961.1500	7633.7400	5098.7000	4592.6200	48474.0000	3650.5800	3270.3000	1013.3500	7407.6000	14466.1600	2160.8600	23215.1600	
1375401600000.0000	2471.1900	3599.7100	1709.6700	371.3400	1776.7300	8313.8700	4740.7700	42051.6000	19164.0200	1954.3500	8406.9400	5093.1000	3820.5400	50280.0000	4045.6500	3254.1300	916.5600	7963.9000	15152.9100	2235.5700	22190.9700	
1387152000000.0000	2421.7100	3550.2900	1786.5400	381.4400	1775.1200	8163.0600	4604.3500	42054.0200	20659.5200	1909.9100	9163.5600	5122.7000	3688.5100	56275.0000	4119.8800	3053.7700	1146.8800	7856.3000	14180.2400	2242.1700	23114.6600	
1367884800000.0000	2355.5100	3522.1400	1625.9600	356.4800	1706.6800	7970.3800	4199.8200	42406.6700	19888.9500	1926.3100	8181.7800	4716.1000	4340.9500	49181.0000	3921.3200	3383.1600	983.6400	7977.5000	13289.3200	2228.1500	23047.0900	
1370995200000.0000	2352.5800	3391.1700	1612.5200	347.6800	1785.7500	8349.3700	4551.5100	39480.3500	19041.1300	2024.9000	8143.2700	4955.4000	3924.4300	54298.0000	3793.7000	3153.4800	867.0800	7656.8000	13568.3700	2122.4300	22044.3700	
1366588800000.0000	2511.7700	3376.4600	1562.5000	340.0700	1720.9700	8169.1000	4576.5400	42914.2000	19169.8300	1951.6500	7478.1100	5228.8000	4291.9600	53150.0000	3652.1300	3308.9200	943.3300	7609.1000	14404.7400	2291.3000	23218.3200	
1381449600000.0000	2503.1500	3519.7400	1703.2000	376.1100	1637.1300	7672.5800	4681.1900	40975.3700	20528.5900	1946.6900	8724.8300	5138.4000	3837.1600	52352.0000	4219.9800	3179.7100	1109.2000	7936.1000	14064.8200	2072.9600	22597.9700	
1378339200000.0000	2459.3800	3540.9400	1655.0800	369.9500	1744.8500	8260.1100	4927.1800	39686.4500	18979.7600	1867.4600	8234.9800	4858.9000	3709.7900	61170.0000	4006.8000	3039.4500	929.7800	7932.3000	10926.6500	2283.6600	23580.4300	
1359072000000.0000	2456.9600	3362.1800	1502.9600	355.7400	1786.3900	7811.6400	4418.0500	45575.8600	20103.5300	1866.3600	7857.9700	5090.3000	4504.9900	50405.0000	3778.1600	3269.3100	1014.5300	7458.7000	13424.3300	2084.7900	21817.7300	
1377043200000.0000	2290.3600	3467.3100	1642.8000	367.5100	1684.5700	8408.5300	4432.9700	41458.1600	17905.9100	2006.8000	8285.4100	4968.6000	3620.6600	46869.0000	4015.0900	3108.9900	903.7600	7887.1000	14599.1200	2100.5100	21312.3800	
1373932800000.0000	2477.9300	3541.8100	1676.2600	364.1200	1838.0300	8134.9100	4868.0800	39659.5100	19851.2300	1983.3500	8201.0500	4745.2000	4460.4400	61678.0000	3851.0300	3224.9600	818.6200	7932.8000	10652.6400	1995.2400	23354.3100	
1357776000000.0000	2500.7500	3263.5000	1472.1200	350.6900	1784.2000	8036.0000	4710.5900	44859.8000	19663.5500	1967.5600	7708.4700	5261.5000	3705.7600	51186.0000	3703.1200	3226.2500	984.8500	7143.7000	15870.4200	2160.4600	22812.1800	
1387497600000.0000	2607.8100	3598.0500	1818.3200	391.5600	1775.1400	8465.0600	4342.5000	42183.7700	21079.7200	1855.7300	9400.1800	5352.0000	3746.6200	53452.0000	4193.7700	3094.4800	1123.8600	8081.4000	14876.4100	2207.5300	22649.1500	
1384387200000.0000	2253.8200	3612.5200	1790.6200	394.8700	1688.6500	8299.1200	4614.0200	40306.7000	20399.4200	1927.2300	9149.6600	4689.7000	3953.8700	47230.0000	4283.9100	3191.0800	1143.6200	8305.0000	13852.5000	2324.2400	20803.2900	
1372636800000.0000	2326.9100	3404.2600	1614.9600	347.3700	1817.3800	7811.8400	4420.9800	41176.8000	19577.3900	2059.5800	7983.9200	4899.2000	4270.8200	55051.0000	3767.4800	3140.9300	851.4200	7741.1000	12833.6400	2212.5200	21726.9000	
1365120000000.0000	2611.2700	3358.3100	1553.2800	340.7100	1792.4800	8192.1100	4783.8500	43244.2500	18450.2300	2007.1000	7658.7500	5425.4000	3912.4400	54173.0000	3663.4800	3299.7800	822.9500	7641.1000	14502.3500	2358.9800	23304.0200	
1383091200000.0000	2512.2000	3675.3900	1763.3100	391.2000	1631.1600	7802.0000	4345.0400	41050.0900	21033.9700	1976.0700	9010.2700	5229.5000	3918.1100	54431.0000	4274.1100	3230.4400	1173.3000	8228.4000	14732.6100	2162.0400	23179.0400	
1379980800000.0000	2437.7400	3561.9800	1697.4200	380.6700	1630.7500	7937.7400	4538.9800	41209.9500	19920.2100	1950.8200	8664.6000	5024.5000	4614.6600	58406.0000	4195.6100	3211.7500	1016.1100	8047.0000	11251.4100	2222.6700	23215.1600	
1360713600000.0000	2452.3600	3413.0600	1520.3300	345.8300	1747.0300	8392.5500	4253.6000	44096.2700	19608.0800	1974.6700	7711.8900	4976.8000	4450.3500	55577.0000	3698.5300	3301.0400	1027.5200	7482.2000	12635.6900	2133.8700	22225.8800	
1363824000000.0000	2506.5100	3439.9400	1545.8000	352.4100	1637.3400	8407.8300	4524.2100	42531.0700	18792.8700	1955.9600	7932.5100	5179.4000	3893.5300	54252.0000	3774.8500	3267.6500	924.8600	7762.3000	14205.2300	2257.4300	22750.6500	
1378684800000.0000	2460.6500	3544.1500	1671.7100	369.7800	1762.1900	7838.4700	4563.3800	40953.8500	19990.9000	1889.2400	8276.3200	4910.8000	4516.8500	60406.0000	4040.3300	3088.2000	977.3400	7935.8000	10866.7200	2218.3200	23655.1700	
1359417600000.0000	2369.7600	3386.4400	1507.8400	358.0800	1824.2900	8023.7100	4478.2500	45907.9800	19177.9300	2009.3600	7848.5700	4775.5000	3990.2100	49332.0000	3785.8200	3259.7500	1005.2800	7458.0000	12686.5200	2273.4000	20969.1400	
1371168000000.0000	2580.0800	3397.2600	1626.7300	347.9800	1818.3900	7867.3400	4450.7600	39269.3000	20854.9200	2048.1400	8127.9600	5249.6000	3718.7600	50349.0000	3805.1600	3161.4300	919.1100	7636.0000	15749.6600	2057.4600	23910.4700	
1386028800000.0000	2537.8000	3547.0300	1795.1500	390.5700	1625.4600	7873.3100	4671.6400	41876.8600	20570.2800	1978.5600	9223.4000	5437.3000	3885.0300	55073.0000	4172.4400	3187.6700	1220.9800	8109.9000	14396.0400	2023.4000	22806.5800	
1363651200000.0000	2443.6600	3646.0500	1762.1100	388.8000	1707.3500	8194.8800	4913.8300	41125.0200	19008.1000	1935.3100	8978.6500	5004.4000	4431.0400	56361.0000	4251.6100	3207.8500	923.4300	8291.1000	12468.2300	1994.2700	22041.8600	
1366761600000.0000	2413.0300	3466.2300	1548.3400	352.0500	1635.9800	8263.0500	4765.4700	42060.6100	18877.9600	2013.1500	7947.7900	5084.2000	4312.3600	54984.0000	3775.7500	3269.1300	950.8400	7789.6000	13843.4600	2321.3200	22183.0500	
1362355200000.0000	2463.3100	3456.8900	1578.7900	352.9400	1721.0700	7911.4200	4196.7300	42294.9300	18519.4400	1870.1600	7759.0300	5028.5000	4582.5600	56499.0000	3842.9400	3322.7100	969.9700	7859.6000	11652.2900	2241.9200	22537.8100	
1377216000000.0000	2510.5700	3409.3600	1525.2000	339.5800	1791.5400	8248.3200	4634.9000	43871.3100	20128.4100	1875.4800	7691.6800	5115.2000	3660.1700	52197.0000	3709.7600	3239.9500	924.4700	7590.5000	13660.5500	2149.5600	21863.5100	
1374105600000.0000	2325.5300	3521.4300	1663.5000	374.6700	1776.1600	8388.1800	4575.5000	40925.1300	20160.8200	1986.2200	8416.9900	4976.9000	3909.9400	47657.0000	4069.4700	3088.8500	846.9500	8006.9000	14808.5000	2155.8100	21345.2200	
1369699200000.0000	2473.1300	3582.6700	1689.3700	368.7600	1769.2100	8184.6800	4554.0400	40245.3100	19177.7600	1824.6600	8337.0900	4950.6000	4138.8800	56036.0000	3927.7900	3218.2000	1037.8300	7929.0000	14311.9800	2241.2700	22924.2500	
1372809600000.0000	2210.2100	3634.9000	1660.0600	371.5000	1787.9000	8208.9900	4719.9500	40764.0400	19691.6700	1948.7000	8480.8700	4727.8000	3847.6200	45044.0000	4050.5600	3406.0800	819.0300	8221.2000	14055.5600	2060.5000	20147.3100	
1368403200000.0000	2447.2000	3366.0100	1615.4100	345.8200	1810.4100	8038.9100	4548.7100	40828.8500	21196.8100	2039.4200	7829.3200	5194.8000	4281.8800	54448.0000	3702.0100	3129.4900	1065.2200	7675.3000	14782.2100	2385.4200	22989.8100	
1383264000000.0000	2531.5500	3563.4700	1633.7700	361.1200	1774.1600	7850.0200	4747.9300	41766.9100	19893.8500	2007.3200	8279.2900	5406.5000	3896.2700	54013.0000	3945.2000	3428.9600	1177.7000	8147.7000	14201.5700	2004.7600	23249.7900	
1380153600000.0000	2400.0900	3651.1100	1761.6400	391.2000	1627.9300	8105.4500	4297.9700	41079.6100	19468.1500	1981.1800	9007.8300	5288.2000	4594.8500	53783.0000	4273.1900	3201.2000	1028.5800	8221.8000	14799.1200	2247.0600	23125.0300	
1360886400000.0000	2543.9200	3557.4000	1698.6700	377.9500	1768.4800	8375.5400	4470.5100	41327.5800	19997.4500	2003.8500	8664.1000	5054.6000	3903.4400	57903.0000	4186.7200	3194.3100	1044.7600	8061.4000	11173.8300	2177.9100	23444.5600	
1378857600000.0000	2414.3700	3397.2600	1519.7900	343.4500	1784.6400	8022.0600	4489.8600	44152.9600	18733.0400	1906.6200	7593.5100	5230.6000	3711.0100	53570.0000	3660.3700	3283.0700	988.8500	7500.6000	14425.0700	2233.4100	22937.1400	
1375747200000.0000	2446.0400	3576.1300	1689.1300	375.0500	1627.5500	8367.8800	4767.9400	41640.5300	19894.9800	1961.9400	8495.7300	5088.0000	4552.4000	47422.0000	4119.1100	3108.1900	925.7300	8051.3000	14401.0600	2347.1800	21923.7000	
1359590400000.0000	2298.2400	3578.9200	1697.3700	371.3800	1797.6800	7950.3000	4892.0400	41914.8200	20159.1200	1880.3500	8299.7300	4901.0000	3859.9200	59761.0000	4032.5700	3224.8900	986.7600	7996.8000	11138.6600	2311.7400	23729.5300	
1374451200000.0000	2510.9000	3354.9800	1498.1100	354.3500	1824.8600	7823.9700	4395.2100	45278.0600	20957.8100	1984.7700	7776.0500	4988.9000	3729.6900	48574.0000	3732.6000	3282.6600	842.1600	7390.9000	14658.0400	2007.2000	21416.5000	
1386201600000.0000	2404.8000	3578.5200	1695.5300	370.3900	1711.2900	8243.2900	4646.3300	40117.6700	19286.7200	1944.5600	8331.0600	5196.9000	4281.4400	50788.0000	3939.9200	3234.3500	1190.3100	7927.5000	15177.4900	2317.7500	23712.5700	
1366934400000.0000	2547.6700	3531.4000	1785.0300	383.7100	1651.8400	8001.8200	4340.7300	41910.0800	20547.6200	2040.9600	9084.9500	5082.7000	3853.0400	54252.0000	4099.9100	3124.3800	962.0300	8025.6000	13884.1300	2092.9100	22547.7100	
1381795200000.0000	2506.4300	3457.2200	1582.2400	351.5000	1684.6300	8450.4900	4650.9400	41897.0000	19252.6100	2020.7400	7814.7600	5259.2000	4519.1600	54981.0000	3810.0500	3348.8700	1119.9900	7856.3000	14441.5400	2197.2200	23336.5200	
1362528000000.0000	2459.6800	3553.8900	1698.0600	381.9500	1774.9200	8191.4600	4541.3800	40218.3200	19906.4100	2007.0400	8804.4400	5130.9000	4455.0300	57940.0000	4256.0200	3291.8100	963.4500	7984.4000	11932.2700	2225.7700	22777.8400	
1358121600000.0000	2247.5200	3455.9600	1541.4600	347.3600	1772.2700	7728.5400	4599.2000	44159.6500	20215.4000	2000.1000	7919.3300	4745.7000	4138.2500	62081.0000	3773.7600	3206.5900	968.2900	7698.7000	13589.0300	2224.8000	23413.2600	
1369872000000.0000	2632.9800	3267.4300	1470.6800	347.3400	1835.4900	8318.5900	4462.1000	44862.9200	19495.8200	1833.3100	7729.5200	4917.1000	3831.9200	45210.0000	3708.2500	3336.0100	994.8700	7202.5000	14309.9700	2326.7200	22484.3100	
1372982400000.0000	2380.2400	3580.0900	1654.4100	367.6900	1792.3900	7856.1200	4776.0000	40984.5000	21032.7100	2001.5900	8400.2000	4826.4000	3677.5900	51356.0000	3996.3100	3169.7300	840.9200	8021.6000	15889.3300	2236.2200	20854.6700	
1387843200000.0000	2494.9200	3443.7500	1631.8900	352.5300	1690.2700	8168.2000	4354.0300	40623.0900	20850.7400	2010.8100	7806.0000	5325.5000	3842.2600	54307.0000	3753.8500	3127.2900	1112.0800	7782.0000	15164.3000	2044.9000	23179.5500	
1384732800000.0000	2379.6900	3643.6300	1833.3200	396.6100	1783.0300	7907.6700	4542.0200	42585.6600	18226.4800	1920.7400	9488.8200	5377.9000	4348.0400	55912.0000	4218.4100	3203.0300	1141.3300	8351.4000	13192.3500	2159.2900	23660.0600	
1365465600000.0000	2486.4700	3640.1800	1791.5300	396.9800	1643.8900	8196.1900	4840.3600	43973.1800	20212.9600	1971.2600	9225.4300	4980.2000	4286.3200	54936.0000	4320.6800	3296.5700	876.5400	7654.0000	15096.0300	2299.2500	21870.3400	
1368576000000.0000	2451.3400	3391.7400	1568.6100	341.3500	1770.8000	8011.0200	4409.5400	41905.2300	18681.4200	1977.6700	7637.5100	5173.3000	4409.7700	54873.0000	3670.7200	3441.5300	1113.6700	8313.1000	12546.4600	2188.5400	23044.2400	
1364169600000.0000	2328.6600	3598.1500	1658.7800	366.0700	1810.0000	8201.0200	4597.8400	42900.8300	19732.7600	1994.3200	8362.4200	5001.5000	3791.6600	53798.0000	3982.2300	3267.4800	930.5300	7758.2000	14404.6700	2318.6100	22251.1500	
1379030400000.0000	2383.1100	3434.5700	1551.6900	348.7200	1774.0500	8374.6800	4938.7000	41122.4700	18789.3400	1883.9700	7870.9000	5214.7000	3740.5900	48929.0000	3727.9800	3120.3000	991.4600	8038.3000	13605.5600	2103.5700	22915.2800	
1375920000000.0000	2410.8100	3573.1000	1687.9900	376.8400	1766.3300	8015.1400	4412.0600	42712.0500	20090.6800	1912.0800	8509.4200	5047.1000	3872.0100	48374.0000	4114.5000	3229.9100	948.7200	7955.3000	14731.2800	2309.5000	21655.8800	
1374624000000.0000	2547.7500	3543.4200	1697.4800	372.1400	1797.4200	7820.8400	4581.9900	40839.0400	19223.2800	1900.6200	8318.3200	5021.8000	3974.2300	49465.0000	4064.3200	3274.7600	841.2400	7923.1000	13007.2800	2073.1000	21968.9300	
1371513600000.0000	2548.8400	3576.7500	1685.9400	371.9600	1653.9600	7700.4300	4398.5200	39459.9800	19610.4800	1989.5700	8379.1100	4794.6000	4167.2100	53944.0000	3962.7500	3229.5500	918.0300	7699.7000	13261.8200	2206.6100	21225.8800	
1370217600000.0000	2445.3700	3433.7300	1651.8100	351.0900	1701.2400	8485.8900	4718.3100	41094.8200	20415.5100	2040.6100	8229.5100	4873.7000	3823.2100	55358.0000	3860.5500	3291.0800	1009.5700	7781.0000	14586.5100	2219.5500	22282.1900	
1381968000000.0000	2447.1500	3511.8300	1640.4200	361.0700	1682.9500	8204.4600	4614.3700	40199.4700	19683.2300	2006.0100	8285.8000	5281.9000	4528.9100	58433.0000	3920.6700	3186.6200	1138.9000	8032.4000	12283.6200	2282.8700	23094.8800	
1362700800000.0000	2607.3400	3569.9800	1733.1500	382.5100	1844.1000	7857.9800	4453.5900	44322.5100	17968.0800	1885.8400	8811.9800	5137.5000	3558.2400	50092.0000	4239.6400	3289.5300	952.3400	7744.8000	13542.3700	2157.2400	23091.9500	
1377561600000.0000	2469.6300	3485.1300	1551.1800	352.4300	1798.6900	8368.1900	4454.7100	39656.0000	19817.6300	1977.4500	7986.4700	5130.8000	4479.2700	61787.0000	3840.1500	3034.0200	881.3500	7886.1000	10600.4400	2174.6700	21874.7700	
1358294400000.0000	2499.8300	3491.3700	1630.4800	364.8700	1707.0400	8262.2000	4759.3800	44865.3000	21074.5900	1999.3000	8242.5600	4765.0000	3652.9100	51221.0000	3968.7300	3208.5000	952.7800	7304.9000	16174.4400	2382.9100	23356.9900	
1384905600000.0000	2642.6700	3265.8000	1472.6300	348.8400	1769.1600	8173.8700	4520.5000	42540.3200	20635.1300	2017.2400	7691.1300	5304.6000	3764.7400	55401.0000	3708.4900	3134.3600	1136.6500	8281.2000	15076.0800	2301.2600	23700.8600	
1365638400000.0000	2528.4500	3616.7100	1842.0200	396.5400	1768.6200	7960.8800	4164.1800	40795.5600	18542.2000	1949.8000	9202.0700	5010.3000	4340.7600	55164.0000	4268.3700	3184.2300	926.9100	7815.3000	13549.1600	2428.1500	22101.2700	
1368748800000.0000	2407.5100	3452.2400	1781.3700	351.2800	1615.0700	7894.1200	4523.6900	44408.4300	20286.1200	2013.9300	7871.6300	5159.8000	4258.9800	53832.0000	3775.6600	3308.8000	1152.6000	8280.3000	15138.1200	2010.8500	23082.6800	
1383609600000.0000	2357.9500	3619.3200	1593.3700	368.0800	1667.5700	7923.1600	4818.0000	41806.7300	20974.7900	1996.9600	8398.0000	5425.7000	3923.3300	52338.0000	4001.2700	3449.3000	1138.3500	8149.3000	14225.3700	2084.0200	23038.9500	
1380499200000.0000	2385.3400	3653.6700	1667.4700	391.2500	1634.5500	8149.4000	4922.6900	40304.4500	19379.7700	1985.8300	9009.1100	5217.7000	3823.8500	57314.0000	4253.3400	3205.5400	1014.0600	8022.6000	14455.8000	2238.2000	22859.8600	
1361232000000.0000	2340.4800	3506.0600	1762.9700	374.9200	1807.6100	7898.9100	4768.8700	40185.2300	19635.7200	1993.4400	8594.4000	5101.0000	4604.8100	56034.0000	4143.4400	3167.8700	1038.2600	7579.5000	11372.3400	2270.9300	23143.9100	
1364342400000.0000	2320.3400	3424.1000	1681.5500	347.6300	1762.3400	8444.6200	4698.0300	44639.7600	19751.1900	1953.2100	7752.4500	5007.0000	4430.4600	59576.0000	3735.8200	3295.7700	849.6200	7780.2000	12493.7900	2181.9400	22464.8200	
1359936000000.0000	2527.4200	3435.3300	1530.9400	346.1600	1841.8700	8093.6600	4522.3000	44077.0900	19748.1900	1910.8100	7789.0900	4929.1000	4561.9100	49422.0000	3711.6400	3313.0300	995.3000	7362.7000	11260.3500	2097.2300	23685.0100	
1374796800000.0000	2414.2500	3346.2700	1562.8500	349.6900	1717.6500	8181.9100	4704.3000	45768.4900	18719.2900	1850.4900	7638.2300	5023.8000	3809.5200	48214.0000	3659.9100	3297.3700	865.7200	7796.8000	14129.9800	2317.0700	21968.9500	
1371686400000.0000	2408.1400	3542.5900	1495.7100	368.3100	1774.4200	7763.5300	4574.4600	41064.5800	21326.4200	2000.3800	8244.9100	4743.9000	3826.4300	51165.0000	3968.8400	3236.1000	884.0200	7496.0000	13014.5800	2196.3800	20382.8700	
1386547200000.0000	2380.5000	3323.0900	1691.6500	341.8800	1697.7700	8364.5500	4439.8600	37517.2300	19504.1800	1963.9500	7928.4800	5148.4000	3704.1500	55910.0000	3698.9300	3133.2600	1182.9300	8056.3000	15650.2100	2129.4000	23811.1700	
1367280000000.0000	2527.9400	3567.7900	1588.1900	387.3800	1776.5600	7917.6600	4790.7500	42289.2300	19568.2200	1959.1900	9195.1700	5168.6000	4292.1400	52799.0000	4134.1000	3113.6400	974.0900	7906.2000	13860.8600	2325.9500	22737.0100	
1370390400000.0000	2458.3900	3458.0500	1808.3700	351.3900	1703.7800	7732.8700	4802.5600	42263.4800	18357.8000	1920.4500	7913.7100	4825.2000	4192.6700	52950.0000	3856.7500	3368.1800	985.3600	7747.8000	13014.8700	2236.6200	22069.2400	
1365984000000.0000	2458.5400	3454.6800	1597.5700	353.0600	1676.4400	7971.1800	4378.7600	40226.3300	19915.9500	1996.9800	8196.1800	4966.8000	4230.7800	52849.0000	3852.4400	3243.4300	925.4900	7754.7000	13275.6600	2185.5600	21772.6700	
1380844800000.0000	2262.9100	3410.8000	1608.9000	346.3000	1766.4900	8116.7800	4478.2700	42984.3800	18401.0400	1907.5400	7712.6300	5205.9000	3839.2400	49922.0000	3710.4800	3284.3700	1067.8700	7943.7000	14024.3100	2101.2800	23138.5400	
1377734400000.0000	2635.3200	3499.8200	1552.3600	376.0300	1794.5200	8283.7100	4513.8800	40909.5400	20039.0400	1987.8500	8622.9700	5083.1000	3554.4500	61956.0000	4164.2500	3138.0800	893.7700	7763.6000	13459.7100	2434.4800	21704.7800	
1358467200000.0000	2659.9100	3509.7300	1690.5000	367.1300	1806.6100	8216.5200	4560.0500	39162.4900	19439.4800	1830.3500	8194.5500	4794.7000	4528.4500	52801.0000	3986.3500	3038.0300	973.9500	7368.8000	10913.3000	2204.1700	23601.7800	
1373328000000.0000	2541.9500	3295.4900	1638.1700	350.8900	1770.3500	7957.4600	4768.9800	45212.5300	20217.3900	2006.2300	7702.2300	4866.5000	3777.9500	52741.0000	3741.5800	3211.2200	838.2900	7944.2000	14472.9000	2174.1200	20683.0100	
1385078400000.0000	2385.2100	3519.6500	1485.9800	360.1100	1614.0500	7918.6100	4590.8400	40221.0000	20822.7700	2004.0400	8057.7500	5330.3000	3735.5400	53100.0000	3843.5600	3178.6300	1168.9000	8250.4000	15381.7200	2210.9000	23696.2800	
1383782400000.0000	2498.8500	3613.8700	1652.3200	395.8000	1671.6300	8249.7800	4753.0300	41199.0200	19325.3600	1999.4700	9219.0400	5415.4000	3904.2800	56155.0000	4278.5300	3172.8500	1171.0600	8229.7000	14228.4400	2183.0700	22881.0300	
1380672000000.0000	2481.6800	3631.4600	1804.7600	393.2200	1774.9400	7903.3800	4524.5900	40009.9000	19804.0300	2015.2200	9081.0300	5214.9000	3821.7900	54271.0000	4280.9900	3202.1000	1011.6700	7964.4000	14170.4900	2229.2400	22984.4800	
1361404800000.0000	2380.6400	3494.0300	1747.1500	376.1700	1784.5700	7906.6500	4225.7200	41300.6600	18946.9800	2004.8900	8629.4200	4998.6000	4519.2000	50299.0000	4158.1600	3152.5800	996.3000	7505.7000	11309.1300	2286.6000	22906.6700	
1364515200000.0000	2507.2800	3380.1800	1693.8700	336.3800	1614.1400	8433.7700	4550.5800	44136.6000	19639.7200	2005.5800	7583.5700	5245.2000	3820.8400	58951.0000	3624.8000	3287.6000	869.1900	8014.5000	12397.9100	2193.8000	23180.5200	
1379376000000.0000	2362.7800	3564.4500	1502.4200	379.8100	1842.8200	8128.5100	4364.0400	41137.6700	21171.4100	1884.8300	8596.9500	5094.1000	3785.0400	50068.0000	4145.5100	3180.9200	999.9100	8000.6000	14311.6700	2325.8200	22271.2800	
1376265600000.0000	2409.0600	3563.7700	1704.7600	375.6100	1713.4600	8095.2000	4717.0600	42124.8400	19735.7700	1936.1900	8359.2500	4940.5000	4596.8300	55322.0000	4071.6800	3232.2400	977.2100	7433.5000	13519.4300	2068.4500	23256.9300	
1356998400000.0000	2646.0500	3374.4400	1689.4700	345.8600	1775.5900	8248.0200	4809.4600	45570.7100	19429.2300	1977.9700	7581.1800	5109.5000	3699.2700	51619.0000	3642.9000	3276.5300	907.9000	7956.3000	11463.7500	2097.5300	23338.2400	
1360108800000.0000	2574.1800	3543.9900	1512.1200	383.1500	1798.1300	8419.3200	4876.4000	42304.5500	20425.0200	1957.2100	9077.1100	5104.1000	4309.4000	51447.0000	4086.8600	3060.7400	1035.1900	7902.2000	15515.0600	2305.1100	22668.3000	
1386720000000.0000	2509.1400	3471.5200	1782.2200	354.8000	1802.6100	7994.7100	4444.5000	42090.0100	20893.8900	1923.8500	7961.7100	4729.3000	4119.2500	56077.0000	3858.7600	3402.3900	1196.9800	7784.8000	13694.0400	2100.1400	21575.2600	
1367452800000.0000	2343.1100	3451.5700	1597.5900	352.6900	1656.5400	7809.0700	4738.6800	40232.6800	19564.9200	2022.6400	8254.6800	5350.6000	3671.7800	58209.0000	3872.5900	3184.7200	983.6400	8238.9000	12877.5300	2432.4000	23681.2800	
1370563200000.0000	2444.1400	3600.3500	1643.3800	394.1100	1710.9700	7947.6800	4596.3600	41002.6800	18731.1600	2053.0100	9290.0700	5351.5000	3891.8600	52882.0000	4277.5700	3173.5100	986.0500	8124.1000	15515.2400	1990.0600	23438.1500	
1385424000000.0000	2535.0500	3616.1200	1802.7500	388.2800	1627.3500	7925.0000	4588.5900	40345.7800	19331.6900	1993.3400	8867.2200	5128.6000	4506.3200	56618.0000	4276.9200	3195.7600	1151.6600	7802.9000	14693.5700	1963.2300	22890.6000	
1382313600000.0000	2280.7600	3497.6500	1744.6600	352.0600	1788.2400	8179.5400	4922.1700	43965.4100	18598.1800	1923.8400	7966.1200	4993.6000	4243.4300	51539.0000	3839.9700	3303.0200	1196.8400	7533.8000	12314.8100	2196.0700	21569.6700	
1363046400000.0000	2546.5400	3357.5300	1552.4800	340.8400	1781.1500	8623.4300	4440.1700	42610.9100	19676.0600	2009.5200	7503.0300	5072.7000	4516.0400	46626.0000	3599.2300	3291.4600	941.1700	7594.4000	13382.8900	2219.3700	22820.0800	
1366156800000.0000	2521.1200	3414.2500	1552.0100	340.2600	1872.5200	8383.0500	4640.2800	43497.2000	21143.0100	1920.1100	7773.1900	5100.1000	3730.4000	51507.0000	3721.3300	3288.7600	923.6700	7961.3000	11662.5200	2183.1100	22517.8100	
1361750400000.0000	2515.6100	3520.9900	1487.8500	374.7500	1787.3800	7951.3300	4545.7700	42049.7000	20111.6100	1877.6000	8391.9400	4946.9000	3730.4400	56265.0000	4123.8900	3197.5300	995.3700	7986.4000	13650.1100	2270.2800	21437.4900	
1376611200000.0000	2507.1400	3534.4000	1655.8300	364.0500	1792.9100	7836.8400	4393.6100	40479.8300	20646.6400	2011.3400	8158.8000	5358.0000	3699.1900	55096.0000	3868.9800	3248.9200	955.1800	8203.0000	14472.5800	2244.6400	23244.8700	
1373500800000.0000	2486.8800	3664.8800	1675.0200	399.7700	1793.7300	8163.5500	4596.2300	42958.8200	19367.5900	1981.0900	9552.1600	5156.2000	3759.4500	50896.0000	4275.7100	3153.2900	811.5100	8318.4000	16291.3100	2198.2000	23366.3700	
1388361600000.0000	2405.5500	3660.6000	1841.0700	370.4400	1692.6500	7758.0300	4463.5800	40548.4400	19764.7800	1923.9100	8472.2000	5288.6000	4356.7900	63312.0000	4036.1800	3443.9000	1158.0300	8092.3000	15381.0200	2098.4500	23502.5100	
1369094400000.0000	2334.8900	3589.4900	1669.1600	382.5800	1623.8000	8376.9400	4863.3500	41752.2600	19484.7700	2019.4100	8694.1800	5141.0000	4589.0600	58498.0000	4206.0400	3251.7800	1090.8900	8078.3000	14766.1800	2315.1400	23398.6000	
1379548800000.0000	2170.8600	3570.1600	1722.3400	379.6200	1795.0800	8362.4300	4717.3800	42430.1100	19348.3400	1950.9000	8438.1200	4761.4000	3748.3600	48562.0000	4114.2000	3248.6600	1022.7500	7020.5000	14050.1600	2313.2200	23215.1600	
1376438400000.0000	2462.1600	3235.7100	1685.3900	350.7400	1738.1900	8393.6200	4610.3100	44370.6400	18540.8900	1917.0500	7756.4400	4989.4000	3802.1900	45965.0000	3721.1700	3224.8000	957.6800	7396.0000	11153.1600	2285.3600	21953.9600	
1357171200000.0000	2652.6500	3361.1300	1459.3700	345.1300	1840.3500	7951.7600	4317.9900	45089.3600	20715.5800	1799.0100	7652.1400	5026.3000	3657.6000	50051.0000	3649.5000	3270.3000	952.3000	7810.2000	13869.8200	2109.4700	19813.9800	
1360281600000.0000	2551.9400	3553.6700	1517.9300	368.9900	1807.6000	7930.8000	4508.3600	40236.5500	20534.9100	1962.9100	8271.0200	4651.1000	3741.8900	51847.0000	3986.6100	3245.4500	1022.5700	7249.5000	13062.7800	1979.2100	23245.9600	
1375142400000.0000	2512.7000	3249.0800	1685.9600	332.2500	1814.1100	8375.6500	4606.2400	37517.3600	20767.8800	2045.7700	7692.4500	5101.5000	3930.0600	55440.0000	3595.6300	3074.3100	866.9000	7828.9000	15403.1100	2275.6700	23789.0900	
1372032000000.0000	2343.7000	3507.0000	1573.0900	376.8600	1640.7400	8038.8600	4707.0600	41884.8300	19570.4400	2035.7500	9006.4600	5326.6000	4449.7800	57281.0000	4059.7100	3066.0200	830.0100	8257.6000	15727.1200	2227.7400	22999.9500	
1386892800000.0000	2477.3600	3613.1400	1775.3200	396.7500	1706.2800	7759.1000	4918.6600	42160.4200	19983.6100	2002.1300	9387.3700	5356.8000	4305.7500	53929.0000	4302.4200	3186.3700	1156.7400	8214.6000	14426.0500	2246.3000	22619.1800	
1385596800000.0000	2453.2300	3624.5800	1746.3800	388.5600	1777.5000	7897.9800	4652.7800	40552.5900	18886.1300	1906.7500	8919.8600	5043.8000	3809.7900	52312.0000	4260.6600	3204.8000	1180.7700	7842.9000	12381.1900	2029.0700	22013.5700	
1382486400000.0000	2436.8900	3508.5700	1563.2300	355.8500	1717.5600	7755.0900	4852.5900	43348.5200	19981.5700	2002.7600	8058.3700	4923.0000	3639.1300	51835.0000	3871.5800	3279.5000	1156.3600	7618.8000	13316.4800	1951.4900	23178.8500	
1363219200000.0000	2434.3400	3380.1000	1555.2500	341.6800	1628.6600	8237.8300	4701.3700	42808.1700	19152.4100	1924.8100	7459.9600	5148.1000	4535.3800	61692.0000	3651.9600	3294.0500	968.2900	7828.2000	13894.6100	2231.1700	22175.3400	
1366329600000.0000	2484.0100	3453.1300	1655.4500	370.9800	1624.1400	8182.5600	4728.0200	39916.8400	19691.4200	1996.5200	8555.8900	5178.0000	4520.5200	57274.0000	4133.5300	3146.5000	926.7300	7891.6000	13572.9200	2132.9600	23658.9900	
1381190400000.0000	2448.1700	3525.2700	1492.5600	369.2600	1694.1600	8062.2100	4401.9100	40129.0400	19674.3300	2004.0400	8243.8700	4802.9000	4398.6500	61933.0000	4006.0100	3055.7200	1110.4500	7291.9000	10709.9300	2190.9300	22577.0100	
1378080000000.0000	2646.9700	3307.3300	1515.9900	353.4500	1773.0600	7913.1800	4792.3300	45320.3000	20490.9600	2011.2500	7696.2100	5053.1000	4237.0400	56350.0000	3741.0100	3219.8600	899.1900	7485.0000	11253.9700	2127.6200	23329.7500	
1358812800000.0000	2223.9800	3398.5200	1461.8900	337.3700	1804.2100	8267.0900	4341.0200	43772.8900	19395.8100	1969.1900	7675.8300	4738.1000	3777.4200	52624.0000	3691.4900	3261.1200	999.2000	7049.3000	10599.0100	2302.6000	22669.6800	
1361923200000.0000	2382.5500	3246.1500	1650.5100	351.2400	1773.5400	8056.2200	4516.5000	44625.9300	19040.9500	1977.3000	7732.6600	5040.8000	4029.6700	47457.0000	3704.6400	3218.2600	998.4800	8168.5000	14483.9800	2359.5100	23069.8500	
1357516800000.0000	2410.7800	3600.7500	1771.8900	365.2200	1685.0000	7784.8000	4597.1800	40505.2700	19990.1800	1863.3200	8351.9800	5380.8000	4396.2000	54889.0000	3967.1500	3393.1700	969.4300	8280.2000	14269.8400	2072.5900	20803.2900	
1369267200000.0000	2409.4500	3646.9400	1606.2800	395.4500	1774.0000	8169.0500	4529.8600	39686.8300	19317.1900	1986.1500	9107.8600	4775.4000	4356.1700	55805.0000	4290.1400	3186.7200	1038.3900	7683.0000	13677.3200	2275.3400	22367.8200	
1384128000000.0000	2227.5200	3353.5000	1570.2500	344.5900	1777.8200	8116.1500	4578.9700	40623.3000	18552.1200	1956.4500	7959.2200	4995.5000	3830.5900	49141.0000	3738.9100	3150.4400	1165.9900	7899.3000	12003.4300	2127.7900	23244.3500	
1372377600000.0000	2416.3500	3489.7600	1632.6900	352.5000	1740.7600	8346.6200	4131.7500	44113.5000	19673.6400	1920.7400	7943.8700	5177.9000	3903.3100	47172.0000	3805.3700	3317.5900	847.5700	8093.0000	14285.6900	2087.9400	22088.7900	
1364860800000.0000	2376.7400	3537.4300	1706.8700	357.9300	1752.0200	8083.4400	4478.2000	42102.1400	19143.0000	1783.4500	8249.7100	5047.1000	4328.7800	55430.0000	3956.2800	3413.0200	856.2900	7786.5000	14005.7700	2246.8300	20338.5500	
1367971200000.0000	2541.3700	3613.0500	1603.2600	372.3900	1779.5700	7695.9900	4458.2500	41863.7600	20683.5200	1961.4800	8410.7300	4707.8000	3962.9500	49770.0000	4042.7300	3243.2900	1043.2800	7553.9000	12834.0100	2128.8600	22915.0900	
1375315200000.0000	2514.1200	3323.8300	1617.5000	340.8200	1817.5700	7964.6300	4914.0800	38805.2700	20272.9100	1920.6800	7940.9900	5133.8000	3879.1100	54154.0000	3726.0400	3104.4000	900.1200	7927.3000	13317.6200	2221.0400	21354.6600	
1372204800000.0000	2481.3500	3411.4100	1626.1300	357.4400	1775.9200	7832.6500	4909.7300	42197.9900	18567.5500	2034.3900	8112.0800	4748.9000	3819.4400	52997.0000	3907.0400	3382.2900	836.5800	7673.0000	14088.1900	2317.3700	22698.3400	
1367798400000.0000	2444.5700	3646.1500	1759.7700	350.3000	1716.7600	8254.6800	4764.7200	39890.2400	19923.7800	2001.4000	8222.4600	5385.7000	3618.6400	51716.0000	3810.5600	3170.3800	983.6400	8249.3000	14194.7100	2151.0800	22951.3000	
1370908800000.0000	2468.0800	3490.9700	1692.5600	389.1900	1637.4400	7738.6400	4342.8900	40671.6100	18918.5200	1933.0300	8985.7400	5146.2000	4485.6700	61170.0000	4272.3100	3205.2400	895.8600	7851.1000	14053.8700	2148.3500	22326.2200	
1382659200000.0000	2464.6500	3509.8900	1653.0800	373.9100	1745.4200	8407.4000	4627.7600	40489.9500	18246.0400	1964.4800	8685.7700	5156.5000	4573.2600	56884.0000	4218.1100	3169.9100	1190.5200	7880.6000	10620.8700	2207.3700	23598.9000	
1381363200000.0000	2312.5500	3350.7100	1494.8200	368.2600	1786.6700	8104.2600	4589.4800	39773.5300	20034.4800	1887.8500	8195.9200	4833.8000	3687.1900	50507.0000	3980.4200	3015.4200	1124.2800	7457.7000	11606.3800	2240.0200	22880.2200	
1378252800000.0000	2494.7600	3427.2500	1518.2000	354.1300	1689.9300	8280.2600	4734.1600	45428.7000	19666.5900	1875.1600	7748.1300	5100.9000	3806.9200	46739.0000	3752.1700	3248.3900	921.4000	7602.0000	13396.3800	2184.5400	21970.2900	
1358985600000.0000	2487.3200	3497.3600	1652.3500	339.7300	1846.1800	8420.9800	4734.1700	43995.7200	20708.6200	1991.8100	7708.1600	5068.8000	4427.3900	61579.0000	3699.9100	3269.5000	987.4500	7935.9000	10578.5700	2139.9900	21303.3100	
1362096000000.0000	2617.9800	3558.3400	1682.5000	368.9300	1782.4900	8292.8300	4269.1600	41825.4000	20194.4000	1975.6500	8300.0300	4965.6000	3692.7000	50819.0000	4028.9300	3128.7500	990.4200	7999.1000	15859.2200	2067.1200	23218.4700	
1376956800000.0000	2355.0300	3261.4200	1461.0200	366.7700	1688.4600	7798.0300	4538.3100	40322.3200	18509.7000	1963.5600	8234.8100	4730.1000	3723.7700	52230.0000	3878.5800	3236.8200	896.1100	7151.6000	14567.1600	2044.9200	22888.7500	
1373846400000.0000	2444.5800	3586.3100	1809.6000	350.0000	1772.3800	8352.9300	4488.2600	44862.5400	20082.6200	1959.4500	7720.4700	5202.0000	4327.1500	54648.0000	3717.4500	3220.4100	800.9100	8001.2000	12634.5400	2243.0000	22463.8300	
1357689600000.0000	2566.7100	3593.1000	1782.0000	386.4500	1815.6500	7951.6600	4458.9500	42198.3200	20929.0100	1944.7500	9335.7400	5317.5000	4319.9600	55108.0000	4154.2700	3070.2300	983.9100	8234.7000	14607.5400	2006.5600	22337.4900	
1387411200000.0000	2490.2500	3411.5300	1559.9800	391.1800	1796.3600	8414.6100	4722.6400	39765.9200	19900.9600	2051.7600	9054.8300	4919.3000	3871.4700	54539.0000	4239.9400	3166.7400	1155.5300	7762.6000	14325.9800	2293.0800	23321.2200	
1384300800000.0000	2419.7500	3560.8700	1633.7000	346.5300	1631.5400	7811.3400	4397.2000	43566.6900	19561.0400	2009.4100	7817.3900	5191.1000	3952.0300	54602.0000	3726.1600	3307.8000	1132.0200	8177.9000	14742.4200	2135.8300	22846.5400	
1365033600000.0000	2465.8300	3672.3700	1771.9500	361.1700	1850.9000	7942.7700	4645.8500	41741.5400	18884.1900	1945.7900	8278.5900	5410.7000	4595.5200	56030.0000	3953.8300	3443.7700	842.7600	8237.0000	11369.1200	2141.6100	23371.5400	
1368144000000.0000	2447.4800	3550.5500	1701.8400	391.1300	1742.8700	8164.2000	4782.6800	41284.3800	20612.1400	1959.4100	9022.0400	5245.8000	4457.2000	50090.0000	4278.0900	3208.8200	1034.3900	8057.0000	15278.6300	2198.5100	23215.1600	
1383004800000.0000	2350.2300	3399.0300	1519.4300	379.5500	1818.1500	7814.3800	4641.5000	41314.6800	18827.1600	1965.7400	8635.2900	4981.5000	3670.8700	50415.0000	4172.0800	3214.2500	1165.9800	7427.1000	12445.3800	2328.2800	22256.4400	
1379894400000.0000	2630.3800	3462.0700	1558.7100	346.2000	1621.3600	8258.9500	4548.3000	44873.4400	20898.0100	1882.7300	7660.1900	4982.6000	3981.4800	51245.0000	3686.5800	3270.3000	990.3200	7847.7000	15655.0700	2237.9800	23069.2300	
1360627200000.0000	2470.8200	3532.3800	1781.0000	354.3700	1700.3900	7819.1500	4245.9300	42497.9700	19293.2000	2030.7800	8001.9700	5106.1000	3760.5000	56973.0000	3829.5600	3248.4000	1022.1300	7831.0000	12220.6300	2050.4800	20887.0400	
1363737600000.0000	2392.0900	3390.5600	1636.3600	378.1700	1723.8000	8280.1000	4580.5900	41758.5500	19179.3600	1968.1800	9085.1200	4684.9000	4404.0900	54885.0000	4068.6400	3067.5700	930.7300	7627.5000	13529.6500	2382.4800	24038.5500	
1387238400000.0000	2497.2300	3582.4100	1800.9000	347.2300	1720.3700	8015.8600	4447.6400	39481.4700	19270.0600	1918.6300	8095.3900	5273.5000	4313.0400	53749.0000	3797.9800	3130.6900	1146.6900	8257.3000	13860.8100	2251.7600	22083.3600	
1371081600000.0000	2487.0600	3475.7800	1552.1000	395.9900	1788.6600	8177.1200	4713.5200	42138.5500	18312.9400	1955.3100	9401.9600	5027.4000	3799.2800	51398.0000	4285.8100	3188.7600	896.6800	7830.4000	13365.1700	2199.3100	21806.6100	
1385942400000.0000	2303.6800	3442.3300	1578.7800	353.0100	1682.7000	8450.0600	4758.7700	43113.6100	19948.7300	1849.1200	8010.7000	5002.6000	3616.1500	47407.0000	3825.4700	3256.4700	1228.2300	7802.5000	14615.0400	2237.7700	22621.2200	
1363564800000.0000	2468.1000	3550.2800	1655.1700	349.1500	1767.1300	8283.9000	4333.4800	39915.0600	19663.6400	1887.4900	7658.2100	5144.0000	3864.4300	61497.0000	3783.0500	3284.3500	960.4200	7950.8000	10801.5700	2346.5000	21895.4000	
1366675200000.0000	2456.5600	3497.0600	1656.9600	371.0400	1771.8900	7796.2200	4545.6700	41007.4300	20030.7700	1996.6700	8275.6700	5066.7000	4438.6600	56396.0000	4049.1900	3048.3500	942.1800	7988.6000	14142.6500	2326.3100	21371.8700	
1378425600000.0000	2251.6600	3550.4800	1680.9100	371.9400	1789.8700	8208.7700	4511.3500	40240.1900	19463.8200	1979.9700	8397.8900	4966.5000	4171.2500	45229.0000	4059.1200	3089.4000	939.3400	7928.1000	14098.7400	1992.6500	23264.0700	
1377129600000.0000	2616.4800	3275.1200	1472.0500	366.0600	1806.8500	8138.6300	4862.5100	44888.1300	21164.5200	1855.0200	8254.7200	4733.8000	3876.6200	54256.0000	3872.0200	3208.3300	898.0800	7188.2000	15165.9200	2006.1000	22686.0500	
1374019200000.0000	2602.9200	3401.7700	1614.0800	350.1300	1784.0600	7832.9800	4420.0600	40144.6500	19856.2400	2005.6400	7715.5300	4938.6000	3799.4500	54261.0000	3706.0200	3216.5000	832.7300	8163.0000	14327.9400	2324.0200	20658.6500	
1357862400000.0000	2525.7400	3624.7700	1798.1800	366.5600	1630.8900	8418.0000	4636.0300	40832.4800	19497.1800	2030.0900	8383.3000	4810.3000	3902.0700	58077.0000	3995.1600	3391.3000	979.7200	7732.6000	14620.5300	2089.7100	23032.1500	
1369612800000.0000	2416.9600	3650.4200	1756.5400	347.8000	1626.8900	8021.7500	4910.6800	41034.1100	18735.6000	1998.0600	7910.7700	5396.2000	4609.8700	55243.0000	3742.5700	3173.3200	1038.8900	8327.3000	11307.2800	2211.5900	23206.3700	
1372723200000.0000	2421.6800	3551.5600	1692.7700	395.3400	1764.9500	8273.9600	4346.0300	41038.6500	19997.1000	1979.6100	9168.6900	5420.3000	4451.0300	53979.0000	4292.2300	3201.2700	823.8300	8234.3000	12338.5300	2217.0100	23209.6300	
1384473600000.0000	2532.9300	3394.8000	1521.3800	391.9200	1785.1400	7714.6700	4533.6400	41724.0300	19182.2600	1948.7100	9033.9200	5270.1000	3893.4200	48436.0000	4299.8900	3210.6700	1133.4600	8055.2000	14423.3600	2160.0300	23413.2500	
1383177600000.0000	2420.8400	3441.0700	1556.8900	379.6000	1627.7300	7932.7100	4576.8000	43878.2800	20005.0000	1994.0600	8665.6300	5057.2000	3778.9100	59337.0000	4195.3500	3208.5800	1188.1700	7482.2000	14258.0400	2255.6000	22115.3000	
1380067200000.0000	2448.3700	3574.9400	1683.9900	345.8400	1821.9000	8062.0300	4445.5500	42686.6800	20708.7100	1916.2200	7631.1900	4980.8000	4541.5100	50216.0000	3669.6000	3290.4700	1020.0400	7744.3000	11113.9500	2046.7800	22976.6500	
1360800000000.0000	2540.6200	3588.8700	1707.1400	350.7400	1706.3400	8337.9000	4580.9600	41732.9800	19406.8500	1964.4300	7911.3500	5198.9000	3714.9300	54963.0000	3770.2900	3258.5700	1032.4300	8039.2000	15407.9400	2419.0200	22222.0100	
1363910400000.0000	2438.0200	3376.8800	1501.9600	376.3100	1784.7600	7893.7200	4473.7800	41918.4100	20607.5400	1986.8000	8446.5400	5093.8000	4311.8300	54171.0000	4116.6400	3123.8900	930.5300	7979.4000	13926.0800	2156.2200	23822.0600	
1378771200000.0000	2519.5100	3535.7600	1792.8100	372.5200	1642.0800	8456.4600	4758.5900	45753.1800	20103.3500	1951.6000	8398.3800	4919.1000	3844.8000	60027.0000	4049.9700	3241.7900	992.8300	7387.9000	14404.7400	2237.1100	23728.7000	
1375660800000.0000	2459.2200	3465.7800	1585.1600	357.5400	1797.7400	7752.7900	4509.7200	42003.6500	19143.1700	2020.2700	7811.3100	5267.5000	4518.8400	55951.0000	3765.5200	3285.9000	917.7500	8045.5000	10824.3100	2193.0700	22401.2400	
1359504000000.0000	2509.5900	3532.2400	1710.1400	388.1400	1783.4700	8251.8200	4493.3000	42547.4700	20149.8500	1939.7100	9140.6300	5206.5000	4569.5900	47400.0000	4148.5200	3160.7000	996.8200	7901.2000	11683.4500	2324.2900	23671.8800	
1386115200000.0000	2300.5700	3366.6500	1500.1800	354.0400	1771.3400	8230.6800	4767.3600	40882.0900	20147.6400	2016.6100	7832.8600	5088.1000	3852.5700	54635.0000	3840.4700	3337.7100	1211.7700	7928.5000	14589.9100	2096.4700	22560.5000	
1366848000000.0000	2450.6100	3455.7600	1539.7900	376.2700	1832.8600	8225.3600	4818.3700	45912.5100	19410.8400	1871.4100	8723.8100	4959.4000	4134.5600	45763.0000	4222.9600	3165.2500	970.9300	7484.0000	14326.4600	2325.6800	21362.4200	
1381708800000.0000	2245.3300	3580.8000	1692.0900	356.6800	1687.9900	7921.2900	4435.7700	44017.1200	21101.0300	2001.2000	7833.0000	4959.2000	3866.2300	51356.0000	3780.8900	3273.9100	1119.3600	7718.5000	14018.9300	2300.5900	22554.9300	
1359331200000.0000	2529.2600	3564.4500	1648.3600	346.5000	1788.4300	7855.9700	4944.5700	39891.6700	18437.7800	1839.1400	7870.3100	4781.0000	3679.4000	55092.0000	3787.1900	3248.2600	1013.7900	7928.1000	15870.4200	2106.3500	20468.6700	
1362441600000.0000	2336.4400	3466.9300	1827.9900	369.7600	1776.1600	8214.6500	4743.8700	40638.9700	19722.2900	1996.8900	8331.5700	5291.5000	4298.4600	54667.0000	3925.3200	3213.2600	967.1500	8028.6000	13192.5900	2193.1200	22921.5600	
1374192000000.0000	2489.6700	3634.9900	1563.0700	366.2500	1772.4000	7992.8900	4422.7500	41200.4000	19727.2700	1918.6900	8336.5800	4912.7000	4288.9500	53739.0000	3974.1200	3367.4700	836.9800	7831.6000	14758.4200	2226.1300	21718.0500	
1369785600000.0000	2548.7200	3372.3800	1650.3400	354.5100	1779.3200	8367.7200	4693.6200	42508.0300	19781.8800	1968.8300	7994.3100	5202.5000	3872.9100	53307.0000	3809.3100	3147.1200	1008.7200	8107.1000	14760.0700	2251.8100	22930.2800	
1372896000000.0000	2508.5900	3591.2800	1691.7500	395.5200	1805.3100	8332.1800	4363.0700	43430.9900	18664.8800	2011.8000	9488.8200	5302.3000	3830.9700	47447.0000	4215.2900	3116.2200	821.8600	7691.8000	14387.2700	2149.6300	23207.0400	
1387756800000.0000	2410.1300	3529.9800	1683.4200	340.9100	1772.1700	7960.5100	4706.5100	41925.1400	19781.1900	2004.0600	7662.6400	5238.2000	3666.2200	60351.0000	3666.7800	3284.6100	1112.0800	8187.8000	13824.9400	2421.5600	22953.7200	
1365379200000.0000	2440.3900	3574.5300	1690.9100	363.6900	1826.9500	7894.9700	4603.0200	40903.6500	20302.1300	1878.3300	8339.1100	4996.6000	4566.1200	48820.0000	3966.0600	3432.7600	829.0800	8055.0000	11191.3400	2297.6700	21588.8400	
1368489600000.0000	2298.1600	3530.8600	1513.1700	375.7700	1791.3700	7765.0200	4455.3300	40785.6800	19325.8700	1957.7900	8661.5100	4941.9000	3859.9500	49089.0000	4186.7700	3210.1800	1073.4700	8033.5000	14778.5100	2052.2400	23721.8400	
1380240000000.0000	2371.1800	3396.0700	1692.3900	376.6600	1650.9300	8254.8000	4813.8800	42246.5000	20996.5300	1904.1500	8494.0000	5004.6000	3972.5900	50944.0000	4106.6300	3121.0800	1030.9500	7976.3000	13033.1200	2021.1700	21915.4200	
1378944000000.0000	2509.5600	3565.6600	1639.0400	369.6100	1722.4900	8467.7600	4366.5800	45768.4900	19413.5400	1883.1000	8260.4800	4805.0000	3706.9400	55973.0000	4038.4900	3229.9100	997.0000	7420.4000	15299.8600	2143.4500	21225.9000	
1375833600000.0000	2546.0600	3410.4900	1805.0900	355.5500	1685.8900	8260.2100	4427.8400	40790.1600	18558.1300	1980.4100	7833.3900	5186.0000	3856.4200	58847.0000	3773.5300	3291.1400	925.9500	7896.3000	14467.1400	2272.4200	23743.1000	
1359676800000.0000	2509.2700	3561.7400	1721.5400	368.7200	1769.2200	7752.8000	4540.9700	39549.4600	19986.8200	2034.6100	8314.2300	5264.4000	4495.7100	51429.0000	3923.0900	3253.7600	977.2700	7729.7000	11968.0800	2193.7800	23228.3300	
1374537600000.0000	2499.3700	3567.3400	1544.2600	350.8100	1807.1600	8390.0500	4556.7700	41925.5400	19760.3000	2004.4000	8215.7300	5123.1000	3641.2400	61728.0000	3863.6600	3183.4400	842.3300	8066.1000	13636.2800	2101.3000	22771.4400	
1371427200000.0000	2449.2600	3462.3300	1656.7800	387.0100	1696.2000	8354.1400	4075.0400	40355.2700	20890.8200	1887.8600	9172.4100	5127.1000	4450.2100	53506.0000	4129.3700	3114.1700	907.4700	7981.9000	10879.0800	2284.9100	22005.3200	
1386288000000.0000	2416.6900	3272.3400	1472.3400	383.3300	1766.7200	7943.5300	4598.6500	43968.6000	18414.4500	1983.7400	8846.0000	4743.0000	4191.2600	53033.0000	4243.7200	3174.0300	1177.3400	7709.0000	13774.5400	2101.2500	23381.5100	
1381881600000.0000	2621.4700	3542.7100	1630.7400	347.8700	1807.4700	7856.3600	4951.3600	40419.9300	20247.3300	2001.0500	7939.7700	4914.0000	3804.8300	56187.0000	3793.7800	3298.5400	1125.0200	8022.2000	16009.9900	2205.7700	22392.1600	
1362614400000.0000	2440.4400	3627.5400	1787.8700	373.4900	1620.9300	7856.1400	4770.2200	44748.0600	19501.0800	2031.6400	8435.1500	5347.8000	4353.6100	54773.0000	4067.1300	3084.4100	936.5700	7272.3000	15126.5600	2206.7800	23657.8100	
1377475200000.0000	2484.7700	3432.8600	1587.7300	347.8600	1652.8300	8163.5800	4214.6000	41588.3200	18704.5300	1935.5800	7675.9100	4973.7000	4261.2000	54437.0000	3697.3500	3196.0700	918.8200	7947.0000	13288.1300	2139.6100	22034.5600	
1358208000000.0000	2656.6600	3598.6300	1650.4700	363.3800	1808.4200	8007.3900	4525.8200	40643.2500	19804.7600	1986.8100	8348.8400	5144.2000	3923.4800	57614.0000	3948.5900	3311.3700	951.0500	8300.1000	15037.2400	2397.1800	23082.6800	
1369958400000.0000	2394.2400	3664.9100	1767.9300	395.4800	1772.8800	8029.7400	4703.8300	44380.8300	19245.7000	2025.1700	9193.2900	5384.2000	4597.1800	55671.0000	4272.2900	3192.0800	1014.5300	7771.4000	11407.8700	2236.3000	23189.6200	
1384819200000.0000	2376.3400	3390.5200	1563.7700	348.5300	1707.9700	8191.2200	4578.4800	41761.1100	19387.5000	1981.9100	7810.6300	5082.9000	4440.5000	49875.0000	3743.7100	3293.2500	1145.0900	8256.2000	12471.6200	2231.4000	23381.9400	
1365552000000.0000	2472.4300	3445.1900	1691.4200	365.3700	1776.7400	8441.1900	4708.2000	41013.7200	19545.7800	1983.7000	8369.8700	4964.7000	3779.0200	49067.0000	3979.0700	3452.2800	903.1300	8185.7000	13615.1900	2433.1300	22311.0800	
1368662400000.0000	2324.6000	3569.6400	1690.2500	393.1500	1799.5900	7824.5400	4544.3200	44141.9200	20882.8900	1880.7100	9037.2300	5038.8000	3849.8900	47893.0000	4288.5900	3203.9400	1134.2800	7497.2000	14562.9300	2073.0900	21807.5600	
1383523200000.0000	2381.1800	3559.4000	1628.9300	343.2300	1686.1700	7616.6400	4799.3500	43664.7300	17996.1500	1909.6100	7628.7300	5018.3000	3947.1100	54887.0000	3667.0400	3288.1400	1162.7700	7800.0000	13245.2200	2237.4900	21900.9600	
1361145600000.0000	2420.0800	3422.5500	1593.6100	349.2700	1681.0900	7886.3400	4831.7900	42648.7400	19964.0300	1888.3100	7879.6700	4841.8000	4257.9500	54018.0000	3748.6400	3288.5300	1026.8100	7977.3000	13533.7600	2242.1100	20986.8900	
1364256000000.0000	2411.6500	3472.4400	1631.3800	375.4000	1762.8700	8535.0400	4341.1500	40752.0900	19324.7700	1940.7000	8338.3100	5108.3000	4198.8200	55378.0000	4076.5500	3229.9100	884.9400	7865.4000	14561.5400	2186.1100	22580.7700	
1376006400000.0000	2572.8600	3528.2000	1744.5000	370.3600	1861.0600	8099.4500	4442.1000	39044.9500	21193.5800	1989.5100	8298.9800	4886.7000	3848.6100	49867.0000	3956.0200	3235.6800	956.9300	7731.8000	13338.4600	2310.5900	22285.5200	
1374710400000.0000	2450.8900	3596.9700	1634.9600	351.0800	1794.6500	7821.6300	4756.0400	41910.5300	20229.0500	2052.4000	8197.0800	5321.0000	3537.8100	62194.0000	3839.3400	3213.7900	843.5500	7901.7000	10609.6400	2194.8500	23340.1000	
1371600000000.0000	2470.3800	3481.4000	1480.9400	354.1500	1698.5300	8281.9700	4568.3300	40750.4000	18242.5600	1884.5200	7873.5000	5077.9000	4495.0600	45076.0000	3868.6800	3361.9200	917.6200	7875.7000	14109.3400	2098.3800	21524.6500	
1367193600000.0000	2266.9100	3281.8500	1640.4600	360.4200	1803.0500	8187.0200	4737.0100	40412.6900	20894.9400	1974.2700	8295.9600	4779.7000	3817.7000	51267.0000	3925.8300	3291.3500	982.0100	8084.7000	16178.9400	2276.9900	23339.7600	
1370304000000.0000	2550.4300	3485.4000	1841.4000	385.7300	1769.0300	8029.1000	4610.1800	39248.0700	19517.1500	1816.8500	8865.1000	4797.6000	3696.7500	52688.0000	4286.0300	3192.9000	981.5000	7776.0000	15365.6000	2106.1300	20582.1900	
1382054400000.0000	2629.5100	3673.1400	1795.8500	364.4700	1613.3300	7866.8800	4416.9600	44943.3400	19642.7500	2002.2800	8157.9000	5323.8000	3715.1400	54963.0000	3960.4600	3004.1800	1166.0000	7429.9000	13485.1400	2299.9900	23243.2400	
1377648000000.0000	2437.4100	3615.7700	1588.8500	351.1900	1674.0400	8255.3400	4730.3800	40071.6400	18835.7700	1993.7800	7735.4600	5284.3000	4330.4400	53385.0000	3744.1100	3195.1000	881.0300	7863.5000	14337.3100	2314.1600	23580.2900	
1358380800000.0000	2665.6600	3435.4300	1770.4900	357.1500	1633.3500	7886.9400	4530.2600	42753.2200	19742.4700	1924.2300	7968.5400	5016.0000	3904.2900	53179.0000	3823.8300	3155.4700	953.7100	8221.9000	14484.7200	2106.1600	22089.0500	
1373241600000.0000	2550.4300	3652.5300	1695.0000	400.9900	1755.8500	7793.3100	-5.0000	40998.3700	19659.8200	2013.6700	9589.3900	5426.0000	3855.7000	56178.0000	4277.6500	3149.7600	858.4000	8268.7000	11468.2800	2191.8500	23036.9400	
1388102400000.0000	2428.6800	3507.0500	1511.9500	395.3300	1843.8500	8443.3900	-5.0000	44004.2700	18774.2400	1998.8700	9196.0800	5206.3000	4542.6600	56352.0000	4253.9000	3172.3800	1165.2400	7760.6000	12335.9600	2418.5300	23307.4100	
1384992000000.0000	2352.0100	3434.6100	1569.1900	348.6500	1769.6000	8096.1400	-5.0000	40280.0900	21255.2600	2024.6400	7744.7700	5114.4000	4432.1400	53822.0000	3729.3000	3294.1900	1141.8300	8224.6000	11046.9200	1976.3100	22299.6300	
1365724800000.0000	2514.5500	3448.6200	1697.6000	393.9700	1797.9700	8187.5100	-5.0000	41335.2700	19519.4900	1993.5200	9040.8700	4979.9000	3835.0300	59445.0000	4286.9300	3205.2900	926.5500	8059.0000	13230.1300	2202.8000	23252.4100	
1383696000000.0000	2387.8800	3593.6700	1511.2900	377.6300	1657.9600	8038.7200	-5.0000	44299.5600	20605.0800	2013.3700	8689.1400	5241.7000	4581.2500	47056.0000	4196.6000	3181.5000	1156.5700	7626.0000	15611.3100	2205.5000	23148.5300	
1380585600000.0000	2277.5000	3365.1600	1592.4300	343.6100	1700.5300	7801.0500	-5.0000	45688.1200	19646.2100	1938.1800	7728.9000	4902.6000	3821.7400	50993.0000	3709.8800	3308.8900	1021.8000	7813.7000	13799.3500	2201.0700	20263.3100	
1361318400000.0000	2533.5900	3298.7900	1802.6200	348.1000	1727.5800	8021.8900	-5.0000	38036.4600	18744.9300	1822.8300	7795.3100	4723.8000	3708.3400	52885.0000	3731.4200	3308.1000	1039.4900	8029.4000	12904.0200	2210.6500	23744.1900	
1364428800000.0000	2360.9900	3551.7100	1582.7000	379.8900	1768.7100	8011.6900	-5.0000	42490.1000	18619.7200	1993.4500	8613.0000	5146.2000	4168.8300	52264.0000	4152.2200	3179.4800	869.1900	7404.6000	15619.1300	2263.9700	22737.0100	
1379289600000.0000	2647.3700	3470.6000	1622.5600	348.4300	1692.5800	7805.9900	-5.0000	40579.0800	19294.1200	2015.9800	7664.6600	5144.0000	3717.7200	58545.0000	3694.7000	3272.6600	993.2300	7421.1000	12349.0500	2197.6000	21838.4300	
1360022400000.0000	2526.5200	3410.7600	1802.4800	337.6400	1777.1500	8377.0500	-5.0000	40948.3600	19784.0800	2003.3500	7789.2400	4771.8000	4527.2900	53991.0000	3658.0400	3124.4500	1011.8500	7971.8000	13221.4400	2328.2200	23684.4500	
1371772800000.0000	2371.6600	3627.1600	1556.2200	385.5600	1804.4800	8229.5900	-5.0000	44013.3000	20223.9800	1922.2100	9114.4400	5346.1000	4260.9700	50008.0000	4091.1400	3081.7200	830.0100	7906.2000	13388.8600	2293.3400	23090.8200	
1386633600000.0000	2428.9300	3494.1700	1574.5700	349.5800	1771.3700	8359.0200	-5.0000	43223.6900	20666.1500	1926.3600	8098.8100	5160.0000	3628.7300	45483.0000	3814.2800	3368.1800	1200.6700	7622.7000	14416.6000	2115.9800	21672.0300	
1367366400000.0000	2236.2000	3389.9100	1632.9700	397.4600	1622.0800	7947.7200	-5.0000	39492.3700	19902.0700	1824.1600	9299.9500	4944.1000	3735.9100	62523.0000	4301.9700	3193.5100	974.0900	8304.1000	10688.1100	1950.0100	21731.3700	
1370476800000.0000	2483.0500	3473.4500	1652.6200	351.5600	1795.0900	7986.2700	-5.0000	39999.0200	19317.0100	2011.9400	7984.2900	5125.3000	4397.9100	55701.0000	3836.2700	3180.6500	976.9500	7758.6000	15360.8100	2302.4000	20904.5600	
1385337600000.0000	2633.8600	3512.8100	1466.4700	345.7900	1771.4000	8209.1800	-5.0000	44562.3300	19229.8400	1982.4300	7682.5800	4885.4000	4233.1400	52249.0000	3685.7900	3292.9700	1197.7900	7717.6000	14086.8000	2234.4000	23331.0900	
1362960000000.0000	2541.5600	3256.8500	1666.2900	362.9300	1674.7200	7779.2200	-5.0000	41080.4300	19962.1600	1984.8700	8103.1500	4742.9000	3837.6200	52490.0000	3933.7800	3291.5800	929.6900	7746.0000	14157.2500	2081.8800	23493.0300	
1366070400000.0000	2421.6400	3635.3500	1770.6100	362.0400	1619.5700	8084.5000	-5.0000	39864.1600	19714.2400	2018.8900	8048.7600	5185.4000	3826.6100	56697.0000	3840.5300	3028.9400	913.6200	7971.6000	11385.9400	-5.0000	22744.3900	
1377820800000.0000	2492.9300	3635.0000	1678.6600	351.7300	1798.7800	8361.3300	-5.0000	40841.1300	19580.3200	1913.0300	7776.3700	5394.4000	4544.4500	50601.0000	3730.0200	3188.0400	899.9200	7058.9000	13867.0000	-5.0000	23214.4000	
1373414400000.0000	2506.2100	3498.0500	1515.6000	369.9700	1833.8700	8135.0300	-5.0000	43875.7300	19593.2800	2031.1000	8455.8300	5232.0000	3775.2200	55703.0000	4022.8500	3225.2200	819.5400	8280.3000	14505.3600	-5.0000	22782.4400	
1357257600000.0000	2476.2400	3404.5800	1694.1600	394.0700	1694.7700	8295.8800	-5.0000	42366.4500	20925.6100	1931.7700	9078.2800	5036.7000	4349.0500	62550.0000	4260.4400	3454.2300	964.1900	8240.9000	11357.0700	-5.0000	22541.1300	
1369008000000.0000	2367.8100	3582.0000	1725.5200	374.8300	1798.4600	8418.2700	-5.0000	41902.2000	19575.6400	1899.8900	8597.9100	5141.6000	4590.6400	58372.0000	4127.9800	3177.2500	1135.8300	7942.5000	13661.1300	-5.0000	23117.4500	
1383868800000.0000	2354.0700	3557.0200	1462.4200	339.8700	1803.5800	7995.5100	-5.0000	44304.1700	20420.2600	1967.9300	7661.9100	5230.4000	3803.8900	49212.0000	3706.2800	3144.7900	1169.0400	7554.4000	15341.8200	-5.0000	23311.9800	
1380758400000.0000	2484.8000	3225.1000	1509.3900	377.6400	1646.2200	7791.3500	-5.0000	45019.2100	20864.9700	1965.7100	8415.7600	4722.9000	3673.4200	50122.0000	4092.5000	3288.1300	1033.2500	8036.4000	15449.6300	-5.0000	23177.0000	
1361491200000.0000	2399.2200	3342.1200	1685.3300	380.9200	1706.2600	8333.6600	-5.0000	40341.8600	19362.5500	2028.8100	8636.0600	4955.8000	4341.6100	55488.0000	4170.4000	3244.1200	1003.3200	8052.6000	14713.2500	-5.0000	21850.1500	
1376352000000.0000	2656.6200	3545.5200	1775.5000	350.2100	1776.8200	7724.9200	-5.0000	42602.0700	19016.4600	2056.1200	7778.7800	5027.9000	3716.9200	51861.0000	3733.9300	3193.8500	961.0100	6822.4000	12239.6600	-5.0000	23218.1200	
1379462400000.0000	2565.7800	3508.7000	1614.4200	343.7000	1635.6300	7880.9000	-5.0000	41872.5900	19895.1000	1999.7300	7590.8500	5069.2000	3894.8600	56460.0000	3601.0500	3201.7400	1000.8100	7337.0000	13220.0700	-5.0000	22689.9600	
1357084800000.0000	2493.9000	3505.7200	1807.2300	368.3300	1624.1800	8220.4900	-5.0000	40813.4800	20101.8200	1900.0600	8259.0300	5105.4000	4480.4000	57386.0000	3968.9100	3261.7700	941.2600	7814.1000	13853.3200	-5.0000	23806.3500	
1360195200000.0000	2325.8200	3609.9500	1754.6700	377.8200	1785.6500	8611.5100	-5.0000	43278.1100	19015.1400	1994.4200	9017.0000	5324.9000	4279.4000	53166.0000	4069.1200	3236.9700	1042.1600	7849.6000	10747.7400	-5.0000	23315.9900	
1375056000000.0000	2501.6800	3634.9900	1554.5200	357.6100	1866.9600	8398.8400	-5.0000	42460.2100	19958.4700	1986.8600	8122.2900	5371.2000	3812.8600	52417.0000	3912.9500	3059.0400	874.4000	7937.6000	11398.8100	-5.0000	22556.6500	
1386806400000.0000	2446.7400	3482.5100	1541.6100	396.2200	1783.8800	7883.9000	-5.0000	40451.1600	21170.6800	2000.0100	9351.1300	5104.4000	4527.0400	61900.0000	4293.0600	3369.9000	1186.9300	8245.7000	14506.2500	-5.0000	21512.5200	
1367539200000.0000	2401.3100	3358.0500	1676.1200	390.1900	1751.5700	7899.2400	-5.0000	45223.8500	20062.2400	1869.9800	8947.4600	4911.3000	4499.3800	56949.0000	4295.4300	3172.0600	983.6400	8214.8000	15627.2600	-5.0000	22973.9500	
1385510400000.0000	2302.5400	3489.7800	1496.9400	352.0200	1667.6100	7887.2600	-5.0000	43489.2000	18875.9500	1993.8300	7970.9100	5160.6000	3740.3000	45533.0000	3836.0400	3210.2100	1175.8200	7780.9000	13213.5500	-5.0000	23590.9100	
1382400000000.0000	2494.8700	3309.4600	1680.1900	340.7200	1801.8300	-5.0000	-5.0000	40329.8100	18864.7500	1834.7000	7473.7300	4802.2000	4270.1200	56429.0000	3599.3600	3288.5200	1202.2700	7579.0000	12135.0200	-5.0000	22519.6900	
1363132800000.0000	2243.8300	3369.7900	1848.3600	373.7500	1792.2100	-5.0000	-5.0000	42727.0900	20263.7100	1995.9900	8591.5800	5021.8000	3961.8800	47609.0000	4165.5800	3296.3700	973.1200	7887.9000	14742.4200	-5.0000	21277.2800	
1366243200000.0000	2503.7700	3537.1200	1655.3500	353.0700	-5.0000	-5.0000	-5.0000	40119.0200	-5.0000	-5.0000	7748.8600	4957.5000	4415.6900	55902.0000	3763.0300	3136.5900	918.8100	7336.0000	13752.9400	-5.0000	23306.3900	
1381104000000.0000	-5.0000	3674.3200	1613.2000	335.2900	-5.0000	-5.0000	-5.0000	39650.7500	-5.0000	-5.0000	7597.1100	5353.1000	-5.0000	54110.0000	3621.9200	3221.3200	1094.4500	7450.0000	-5.0000	-5.0000	23261.0800	
1358726400000.0000	-5.0000	3678.0900	1562.1700	364.9500	-5.0000	-5.0000	-5.0000	43932.5200	-5.0000	-5.0000	8212.7700	5142.1000	-5.0000	50908.0000	3855.0900	3254.2600	975.6700	7983.2000	-5.0000	-5.0000	20440.0800	
1361836800000.0000	-5.0000	3366.5800	1709.9100	401.7900	-5.0000	-5.0000	-5.0000	41225.9800	-5.0000	-5.0000	9552.1600	4784.8000	-5.0000	-5.0000	4295.9500	3236.0600	991.5600	8407.6000	-5.0000	-5.0000	22299.6300	
1373587200000.0000	-5.0000	3572.4700	1661.3200	372.1100	-5.0000	-5.0000	-5.0000	42155.3400	-5.0000	-5.0000	8530.8900	5270.8000	-5.0000	-5.0000	4051.1100	3167.4300	804.1900	7671.7000	-5.0000	-5.0000	23502.5100	
1388448000000.0000	-5.0000	3508.3900	-5.0000	344.7500	-5.0000	-5.0000	-5.0000	-5.0000	-5.0000	-5.0000	7990.7500	5136.7000	-5.0000	-5.0000	3762.1900	3454.3700	1162.6800	7813.7000	-5.0000	-5.0000	22539.2500	
1369180800000.0000	-5.0000	-5.0000	-5.0000	382.0700	-5.0000	-5.0000	-5.0000	-5.0000	-5.0000	-5.0000	8675.7300	-5.0000	-5.0000	-5.0000	4203.6600	3118.0300	1080.6500	8105.4000	-5.0000	-5.0000	-5.0000	
1372291200000.0000	-5.0000	-5.0000	-5.0000	375.5800	-5.0000	-5.0000	-5.0000	-5.0000	-5.0000	-5.0000	8376.2900	-5.0000	-5.0000	-5.0000	4093.2000	3307.5800	826.8100	7982.4000	-5.0000	-5.0000	-5.0000	
1364774400000.0000	-5.0000	-5.0000	-5.0000	-5.0000	-5.0000	-5.0000	-5.0000	-5.0000	-5.0000	-5.0000	-5.0000	-5.0000	-5.0000	-5.0000	-5.0000	3237.5300	869.1900	-5.0000	-5.0000	-5.0000	-5.0000	
1379635200000.0000	-5.0000	-5.0000	-5.0000	-5.0000	-5.0000	-5.0000	-5.0000	-5.0000	-5.0000	-5.0000	-5.0000	-5.0000	-5.0000	-5.0000	-5.0000	3220.9200	984.0400	-5.0000	-5.0000	-5.0000	-5.0000	
1376524800000.0000	-5.0000	-5.0000	-5.0000	-5.0000	-5.0000	-5.0000	-5.0000	-5.0000	-5.0000	-5.0000	-5.0000	-5.0000	-5.0000	-5.0000	-5.0000	-5.0000	957.6800	-5.0000	-5.0000	-5.0000	-5.0000	
