null#
# M e s s w e r t t a b e l l e  der Reihen:
#
# ^ATX_Close [248,248] Werte
# ^FTLC_Close [252,252] Werte
# ^GSPC_Close [252,252] Werte
# ^AEX_Close [257,257] Werte
# ^KLSE_Close [245,245] Werte
# ^TWII_Close [246,246] Werte
# ^NZ50_Close [252,252] Werte
# ^MXX_Close [251,251] Werte
# ^BSESN_Close [246,246] Werte
# ^KS11_Close [246,246] Werte
# FDAX.EX_Close [257,257] Werte
# ^AORD_Close [252,252] Werte
# ^IPSA_Close [251,251] Werte
# ^BVSP_Close [249,249] Werte
# ^FCHI_Close [257,257] Werte
# ^STI_Close [254,254] Werte
# GD.AT_Close [260,260] Werte
# ^SSMI_Close [255,255] Werte
# ^N225_Close [244,244] Werte
# 000001.SS_Close [250,250] Werte
# ^HSI_Close [251,251] Werte
#
#
Y	Y	Y	Y	Y	Y	Y	Y	Y	Y	Y	Y	Y	Y	Y	Y	Y	Y	Y	Y	Y	Y	
1296518400000.0000	2943.0100	3157.4200	1307.5900	367.1100	1523.6900	8750.0200	3348.4600	37618.1000	18022.2200	2072.0300	7184.2700	4852.0000	4706.5400	67847.0000	4072.6200	3184.7400	1663.6000	6555.3000	10274.5000	2798.9600	23482.9500	
1299628800000.0000	2827.3600	3152.3300	1320.0200	366.2500	1574.4900	8925.0900	3414.4200	36450.1900	18469.9500	2001.4700	7131.8000	4863.2000	4448.0800	67264.0000	3993.8100	3092.9000	1541.0200	6446.6000	10589.5000	3002.1500	23810.1100	
1295222400000.0000	2845.8100	3175.0100	1312.9400	361.0800	1558.0400	8991.3600	3354.3000	38096.9100	18882.2500	2099.8500	7078.0600	4872.6000	4934.2500	70609.0000	3975.4100	3238.6300	1458.6500	6578.2000	10502.8600	2706.6600	24156.9700	
1306972800000.0000	2743.5800	3119.6000	1343.8000	340.6400	1594.7400	8749.5500	3525.8200	35416.2500	18858.0400	2114.2000	7074.1200	4683.2000	4870.5800	64218.0000	3889.8700	3160.6000	1277.2300	6152.7000	9555.0400	2705.1800	23253.8400	
1310083200000.0000	1711.0200	3189.2100	1192.9800	342.4800	1434.0800	7042.6400	3456.1400	36499.8500	18494.1800	2180.3500	7402.7300	4716.0000	4769.3900	61513.0000	3913.5500	3151.2800	1251.1000	5477.3000	10137.7300	2797.7700	22726.4300	
1321833600000.0000	2844.6200	2753.0300	1314.1600	278.8400	1525.9200	8732.5900	3256.5600	37321.8000	15946.1000	1820.0300	5606.0000	4233.6000	4183.9100	56285.0000	2894.9400	2697.9800	686.0000	6351.6000	8348.2700	2415.1300	18225.8500	
1302566400000.0000	2772.9500	3158.0900	1340.6800	360.7700	1541.2700	8944.8400	3451.3400	35364.3300	18086.2000	2089.4000	7102.9100	4990.2000	4616.7900	66896.0000	3976.6000	3138.0000	1506.2500	6535.2000	9555.2600	3021.3700	23976.3700	
1305676800000.0000	2151.6700	3151.6300	1172.6400	349.1000	1476.4600	7719.0900	3559.5500	33590.3300	17059.4000	2135.7800	7303.5300	4765.3000	4865.8600	62841.0000	3978.0000	3141.2100	1328.1000	5032.8000	9662.0800	2872.7700	23011.1400	
1313020800000.0000	2758.7600	2738.9800	1339.2200	282.7900	1591.3400	8824.4400	3208.6200	36468.0100	18726.9700	1817.4400	5797.6600	4203.5000	4213.0100	53343.0000	3089.6600	2796.2200	976.1700	6179.4000	8981.9400	2581.5100	19595.1400	
1309910400000.0000	2792.6200	3196.9500	1329.4700	341.6200	1536.2700	8911.7100	3460.8300	35130.6000	18345.0300	2171.1900	7431.1900	4663.6000	4777.6900	62565.0000	3961.3400	3114.7100	1265.7800	6564.1000	10082.4800	2810.4800	22517.5500	
1305504000000.0000	1984.3200	3153.7300	1253.2300	352.3000	1477.5100	7603.2300	3543.8700	36689.3800	17562.6100	2104.1800	7387.5400	4724.2000	4855.0000	62830.0000	3989.8200	3136.4800	1330.2800	5659.8000	9558.3000	2849.0700	22960.6300	
1320364800000.0000	2731.2800	2915.3600	1295.5200	301.9700	1560.7900	8597.6200	3331.7900	35276.6000	17560.3000	1928.4100	5966.1600	4342.5000	4269.2100	58670.0000	3123.5500	2848.2400	750.6300	6171.0000	8801.4000	2528.2900	19842.7900	
1308614400000.0000	1900.5800	3075.1300	1215.3900	336.1400	1441.1800	7244.3200	3459.5600	34395.5000	16936.8900	2048.1700	7285.5100	4565.2000	4697.8400	61424.0000	3877.0700	3053.5100	1275.4700	5657.7000	9459.6600	2646.4800	21850.5900	
1319068800000.0000	1984.6100	2839.9000	1188.6800	299.0100	1437.6100	7228.4700	3289.7700	34661.7800	16709.6000	1805.0900	5766.4800	4206.8000	4075.2100	54010.0000	3084.0700	2694.0100	742.7600	5417.9000	8682.1500	2331.3700	17983.1000	
1315958400000.0000	2931.2500	2767.3600	1307.1000	273.5600	1495.6200	8567.8200	3264.1100	37739.0800	18449.3100	1749.1600	5340.1900	4090.4000	4052.7500	56286.0000	2949.1400	2739.3500	857.1800	6544.9000	8518.5700	2484.8300	19045.4400	
1296691200000.0000	2792.3200	3167.9900	1304.2800	364.8900	1559.6000	7646.1900	3349.8900	36091.2200	18174.0900	1955.5400	7193.6800	4919.3000	4566.9400	66765.0000	4036.5900	3211.1200	1675.1400	6353.8000	10431.3600	2799.4000	23249.7800	
1299801600000.0000	2206.8100	3090.8600	1212.9200	359.0700	1566.5100	8683.5100	3382.8400	35148.9100	16676.7500	1843.8200	6981.4900	4734.8000	4324.2800	66685.0000	3928.6800	3043.4900	1580.9000	5449.2000	10254.4300	2933.8000	20204.1700	
1314662400000.0000	2672.1900	2791.3800	1337.4300	283.6400	1506.6900	9086.0200	3317.7300	35479.6700	18871.2900	2150.4800	5643.9200	4341.4000	4261.4100	55385.0000	3159.7400	2791.8900	958.1200	6017.5000	8953.9000	2566.5900	22293.2900	
1311552000000.0000	2911.8800	3148.8200	1281.9200	337.2700	1433.1700	7074.8200	3428.1500	37810.1600	18978.3200	2115.6900	7344.5400	4603.8000	4620.5400	59971.0000	3812.9700	3171.5500	1269.0400	6559.7000	10050.0100	2688.7500	24419.6200	
1295395200000.0000	1891.6800	3170.3900	1263.0200	357.9600	1525.8000	6806.4300	3346.0200	37185.7300	15543.9300	1825.7400	7082.7600	4944.2000	4901.8600	70058.0000	3976.7100	3241.9600	1507.4000	5896.6000	10557.1000	2758.1000	18397.9200	
1325116800000.0000	1652.7900	2921.6900	1161.7900	310.7600	1541.0300	8802.7300	3246.2500	35375.6100	15699.9700	1783.1000	5848.7800	4123.1000	4171.9500	56754.0000	3127.5600	2672.7800	667.3000	5386.1000	8398.8900	2173.5600	17864.4300	
1322006400000.0000	2843.6800	2707.7900	1314.5200	272.7900	1480.4600	8837.0300	3268.6700	37069.9600	18326.0900	2141.0600	5457.7700	4125.8000	4016.4200	54972.0000	2822.4300	2676.5700	675.9300	6357.0000	9653.9200	2395.0600	24014.0000	
1302739200000.0000	2767.7700	3159.9900	1333.2700	359.4800	1367.5200	7600.7900	3454.4800	35298.6700	17569.5300	2111.5000	7146.5600	4972.4000	4656.1300	66279.0000	3970.3900	3158.9200	1487.7600	6530.6000	9607.0800	3042.6400	23199.3900	
1305849600000.0000	1984.1600	3166.8900	1275.9200	348.2400	1513.6300	7013.9700	3577.4400	37351.8100	16151.4500	1903.1400	7266.8200	4807.7000	4818.9600	62597.0000	3990.8500	3168.5400	1297.3600	5682.6000	8655.5100	2858.4600	19678.4700	
1320710400000.0000	1879.5100	2934.9800	1099.2300	303.9800	1531.6300	8673.6700	3351.2400	33133.8800	18296.1600	1706.1900	5961.4400	4356.7000	4370.8000	59026.0000	3143.3000	2866.5200	779.6300	5495.7000	8545.4800	2503.8400	16822.1500	
1317600000000.0000	2916.7400	2684.8000	1315.4400	275.6400	1500.9100	8646.3100	3315.7400	36781.5500	19290.1800	1969.9200	5376.7000	3960.7000	3763.9100	50792.0000	2926.8300	2621.4000	779.2900	6622.5000	10664.7000	2855.5200	22990.8100	
1298332800000.0000	2919.6600	3176.9100	1328.2600	368.8300	1467.1000	7085.0300	3358.7100	37210.2700	15873.9500	2091.3800	7318.3500	4947.3000	4359.6500	66440.0000	4050.2700	3019.1200	1619.3600	6398.4000	9708.7900	2955.7700	23451.4300	
1301443200000.0000	1895.0500	3155.4700	1265.4300	367.8700	1563.1900	6949.0400	3433.1600	37091.4200	15870.3500	1842.0200	7057.1500	4912.7000	4594.1900	67997.0000	4024.4400	3095.3200	1558.5700	5886.9000	8440.5600	2166.2100	18629.1700	
1324944000000.0000	1785.8100	2852.2700	1236.4700	309.3700	1514.2500	8567.2800	3299.5100	35326.6600	17727.4900	1899.7600	5889.7600	4311.4000	4187.9200	58005.0000	3103.1100	2673.6200	669.4900	5747.1000	8653.8200	2291.5400	18575.6600	
1323648000000.0000	2895.7000	3021.4800	1283.5000	297.3900	1531.4700	8553.0600	3461.8100	36767.8600	18943.1400	2055.8600	5785.4300	4561.4000	4159.9400	57347.0000	3089.5900	2701.7200	661.7700	5991.1000	9596.7400	2688.2500	21759.1400	
1308787200000.0000	2872.4500	3133.9100	1310.1900	328.5700	1558.1700	8946.0800	3408.0500	35873.2100	18534.6900	2056.3900	7149.4400	4831.9000	4694.8800	67193.0000	3787.7900	3044.7200	1241.8200	6359.0000	9478.5300	2984.0000	23068.1900	
1301270400000.0000	2067.1500	3229.5300	1356.6200	364.5700	1547.4300	7577.4000	3495.1100	35637.8600	16933.8300	2200.7300	6938.6300	4854.7000	4593.4000	64318.0000	3976.9500	3057.3800	1611.5100	6510.6000	8864.1600	2932.1900	23633.2500	
1304380800000.0000	2277.6100	2843.9000	1216.0100	360.4200	1578.1000	7757.7600	3292.6800	35597.6300	18432.2500	1840.1000	7500.7000	4229.9000	4810.0000	57210.0000	4096.8400	3153.5700	1412.8400	5452.9000	9060.8000	2482.3400	19455.3100	
1316131200000.0000	2642.2200	2872.3500	1204.4200	281.7300	1552.1400	8817.4900	3332.2700	37321.1100	19007.5300	1880.7000	5573.5100	4382.7000	4057.5400	58118.0000	3031.0800	2789.0400	864.9400	5531.5000	10047.1900	2556.0400	20585.3300	
1314835200000.0000	2863.7400	3112.3500	1304.8900	293.9600	1431.5500	8954.3800	3412.3500	34673.4800	18411.6200	2174.3100	5730.6300	4612.6000	4308.1300	58288.0000	3265.8300	2867.1800	928.8600	5904.5000	10274.5200	2723.4900	22541.6900	
1311724800000.0000	2662.5200	3126.3700	1283.3500	333.1000	1472.6500	8491.0100	3352.7200	36178.5900	18420.1100	2069.9200	7252.6800	4860.9000	4413.5400	69133.0000	3734.0700	3193.5400	1226.9200	6567.3000	9925.9200	2715.2900	23876.8600	
1295568000000.0000	2746.9100	3127.8300	1286.1700	361.0500	1375.6700	6784.5200	3430.3800	34573.0400	15695.4300	2109.7300	7062.4200	4648.7000	4875.6600	63068.0000	4017.4500	3184.6000	1536.5800	6370.1000	9380.3500	2754.5800	21663.1600	
1307318400000.0000	1680.4900	3122.6300	1313.6400	339.1800	1489.8700	7308.6800	3212.2700	36615.0700	15792.4100	1776.4000	7084.5700	4563.5000	4725.5500	59705.0000	3863.4000	3113.7300	1323.2700	6014.8000	8160.0100	2380.2200	17689.4800	
1310428800000.0000	1881.4200	2721.7900	1158.6700	332.1200	1555.3800	6989.1500	3318.8700	33000.2900	17632.4100	1813.2500	7174.1400	4057.6000	4811.5000	54894.0000	3774.1200	3075.4500	1216.5100	5395.6000	8500.8000	2479.5400	18963.8900	
1322179200000.0000	1934.1200	2870.3000	1239.7000	274.3700	1410.6400	8541.6400	3328.1200	36446.5600	19420.3900	1666.5200	5492.8700	4307.3000	3955.5500	57322.0000	2856.9700	2643.9300	664.2400	5565.8000	8382.9800	2878.6000	22601.0400	
1320883200000.0000	2862.6000	2690.4300	1144.0300	294.3200	1499.7400	8705.1300	3368.3500	37775.0700	17099.2800	1949.8800	5867.8100	3992.5000	4288.6800	51014.0000	3064.8400	2786.9000	762.2300	5505.0000	10452.7100	2967.4100	23801.9000	
1317772800000.0000	2912.7800	3132.8900	1306.1000	278.0900	1551.8900	7492.8500	3452.1400	34337.9700	20498.7200	2121.0100	5473.0300	4901.1000	3698.7500	66949.0000	2973.9000	2528.7100	735.5100	6516.0000	9708.3900	2447.7500	19014.8000	
1298505600000.0000	2020.6900	3184.9900	1332.4100	363.7300	1536.0700	7819.3900	3290.6200	33901.0800	17592.7700	1837.9700	7130.5000	4954.6000	4302.7600	69268.0000	4009.6400	2973.0800	1599.9700	6439.9000	8721.2400	2626.7700	20260.1000	
1301616000000.0000	2937.9100	2837.4100	1202.0900	369.4500	1463.1200	8997.1900	3252.6300	38542.1600	15881.1400	2085.1400	7179.8100	4124.8000	4712.8500	56379.0000	4054.7600	3120.4700	1526.6000	5471.4000	9086.4100	2852.6500	23668.4800	
1316476800000.0000	2983.8200	2839.4200	1204.4900	279.5400	1521.1800	9006.8200	3309.0300	36986.9400	18210.5800	2045.5800	5571.6800	4346.8000	4105.6100	54652.0000	2984.0500	2780.8400	844.1900	5324.7000	10398.1000	2774.0600	23164.0300	
1313366400000.0000	1752.4400	3187.3000	1270.2000	293.7000	1450.0200	6922.5700	3386.4800	36012.6700	16939.2800	1857.7500	6022.2400	4849.5000	5024.6500	70318.0000	3239.0600	2874.4000	991.1400	6494.3000	10617.8300	2228.5200	18354.4300	
1294099200000.0000	2802.9100	3207.6300	1320.8800	358.8600	1535.6000	9018.6100	3284.1400	35325.0900	18037.1900	1898.3200	6975.3500	4995.1000	4431.6900	64218.0000	3916.0300	3250.2900	1396.5800	6631.6000	8519.1300	2872.4000	23261.6100	
1297209600000.0000	1984.5600	2818.5500	1211.8200	369.1800	1484.1400	7470.3000	3498.9900	35265.5600	18167.6400	2081.7400	7320.9000	4249.8000	4119.1200	56647.0000	4090.7400	3150.5600	1690.5800	5719.1000	8843.9800	2370.3300	18771.8200	
1323820800000.0000	2973.8600	3148.5200	1335.1000	292.1500	1548.8100	8234.7800	3387.4100	36012.1700	18197.2000	1923.9200	5675.1400	4828.9000	4788.8400	63407.0000	2976.1700	2672.3900	659.6200	6450.0000	10592.0400	2799.4000	23553.5900	
1304553600000.0000	2713.3200	2927.8900	1254.1900	354.8200	1579.8400	8644.1800	3314.1400	35999.3400	18618.2000	2133.2100	7376.9600	4313.6000	4197.9000	56892.0000	4004.8700	3109.8500	1378.0500	5788.6000	8605.1500	2896.2600	22678.2500	
1319414400000.0000	2611.3200	3207.5700	1319.0500	308.3200	1551.7900	9007.5300	3395.6300	36164.6100	18394.2900	2130.0700	6055.2700	4964.3000	4590.6600	65362.0000	3220.4600	2760.9500	747.0800	6611.1000	9833.0300	2701.7300	22440.2500	
1297036800000.0000	2652.5800	3020.2200	1281.8700	369.8500	1527.9200	8481.3500	3525.3900	34879.0700	19091.1700	2083.3500	7283.6200	4609.9000	4363.8800	67005.0000	4090.8000	3192.1800	1653.6300	6101.0000	9936.1200	2810.4400	22661.6300	
1300147200000.0000	2701.8600	3089.7800	1292.2800	348.0900	1532.1200	8714.4800	3409.5500	36332.1000	18011.9700	2137.7200	6647.6600	4500.5000	4425.9800	58823.0000	3780.8500	2946.0800	1590.4400	5783.4000	9449.4600	2750.2900	21940.2000	
1311897600000.0000	2783.4200	3098.3400	1279.5600	329.2200	1400.0500	8756.6100	3465.1700	35382.5600	16232.5400	2061.7600	7158.7700	4608.7000	4698.1500	59679.0000	3672.7700	3189.2600	1204.1500	6256.9000	9556.6500	3057.3300	23830.3100	
1307491200000.0000	2724.9000	3112.0900	1308.8700	335.6500	1387.8100	7211.9600	3559.5500	33005.0900	16361.1500	1759.7700	7060.2300	4561.3000	4819.3900	63033.0000	3837.9800	3102.9800	1258.9700	5981.0000	9477.1700	2767.0600	22730.7800	
1310601600000.0000	1998.1700	3112.8400	1305.1400	330.4600	1503.0700	7305.5000	3383.6400	32381.0600	16840.8000	1800.5500	7214.7400	4945.4000	4643.9500	65415.0000	3751.2300	3088.7000	1188.1900	6245.0000	8605.6200	2443.0600	17707.0100	
1303084800000.0000	1877.2000	3120.6600	1316.2800	352.6800	1568.3700	7741.7600	3312.2800	34049.5800	20184.7400	1892.6700	7026.8500	4708.3000	4790.3800	63337.0000	3881.2400	3144.3800	1427.4900	6454.3000	8560.2600	2601.2600	17911.9500	
1306195200000.0000	2241.6800	2796.9900	1155.4600	343.2000	1494.5200	8883.2100	3290.1000	38589.6700	17728.6100	2077.6100	7150.6600	4225.0000	3865.7400	51244.0000	3916.8800	3113.0900	1281.7200	5652.2000	9057.2600	2824.2000	20289.0300	
1317945600000.0000	2971.6900	2674.2200	1129.5600	288.3100	1554.8500	8609.8600	3326.7100	37011.4900	18109.8900	1977.1900	5675.7000	4044.7000	3824.3700	53280.0000	3095.5600	2640.3000	744.3700	5288.5000	10529.7600	2827.3300	23786.3000	
1316649600000.0000	2479.3700	2824.8600	1193.8900	263.4400	1562.5200	8584.7200	3367.4400	34814.9400	18412.4100	2121.2700	5164.2100	4371.8000	4229.2600	55073.0000	2781.6800	2717.6600	830.0700	5421.2000	9844.5900	2679.2600	22828.9200	
1313539200000.0000	2636.5700	3189.6900	1273.8500	292.6500	1466.2200	8500.1600	3397.0000	35601.7300	15491.3500	2070.2900	5948.9400	4831.1000	4996.7500	70579.0000	3254.3400	2828.5300	1010.7600	6532.8000	9578.3100	2758.2300	22421.4600	
1294272000000.0000	1792.7400	3212.5500	1329.1500	356.8900	1492.0900	6785.0900	3438.0800	36054.6300	17288.8300	1839.9600	6981.3900	4970.6000	4578.1400	65756.0000	3904.4200	3279.7000	1373.9100	6665.2000	8401.7200	2224.8400	22041.7700	
1297382400000.0000	2758.4500	3032.2000	1254.0500	369.6500	1463.1200	7535.8200	3245.3400	35818.5800	18149.8700	1894.3100	7371.2000	4510.3000	4391.4600	57311.0000	4101.3100	3077.2700	1621.9000	5546.9000	8748.4700	2427.4800	18285.3900	
1312243200000.0000	2114.2200	3046.9600	1280.1000	320.0000	1526.4300	8282.6900	3296.9800	35621.6800	16713.3300	1959.0300	6796.7500	4513.8000	4139.9000	61217.0000	3522.7900	3177.0900	1144.2900	5990.8000	8962.6700	2897.3000	19066.5400	
1309132800000.0000	2830.7000	2830.1100	1219.6600	328.5100	1556.1900	7551.5700	3329.5900	33880.0200	18969.4500	1785.8300	7107.9000	4218.8000	4167.3100	56097.0000	3796.5500	3048.2800	1226.2200	5733.5000	8784.4600	2478.7400	22284.4300	
1323993600000.0000	2707.5000	2928.6000	1242.0000	294.0300	1444.7200	8991.3900	3293.1300	37470.7600	18268.5400	2086.6700	5701.7800	4300.8000	4329.2000	57144.0000	2972.3000	2659.2200	655.9100	5700.5000	10464.4200	2677.4300	19616.4000	
1319587200000.0000	1779.1400	3023.6500	1273.7200	303.8400	1531.0200	8837.8200	3359.0700	34963.7800	16008.3400	2046.6700	6016.0700	4638.4000	4107.8100	66216.0000	3169.6200	2769.9400	773.8100	6073.4000	9514.4400	2705.1400	23788.8300	
1300320000000.0000	2850.3800	2709.2700	1291.1800	349.2600	1540.9400	6988.6500	3490.6300	35708.7100	19470.9800	1856.5200	6656.8800	4224.2000	4830.8300	54998.0000	3786.2100	2942.8800	1620.4700	5143.0000	8477.8200	2412.3900	22420.3700	
1315180800000.0000	2719.4200	3135.1400	1270.9800	274.4500	1478.8700	8813.2800	3239.4700	36816.3100	18044.6400	2169.9100	5246.1800	4909.0000	4737.5100	62697.0000	2999.5400	2773.1700	863.9000	6580.3000	9606.8200	3007.0400	18256.2000	
1295913600000.0000	1914.7600	3075.4700	1195.1900	358.7600	1491.2500	8788.4000	3472.8000	35742.2100	17118.7400	2091.9100	7059.0100	4634.9000	4057.8200	55300.0000	4019.6200	3181.1500	1534.3800	6197.3000	9562.0500	2736.5300	23896.1000	
1307664000000.0000	2895.8200	2815.1100	1330.3600	333.8300	1553.0700	7525.6500	3527.5900	37069.9000	17823.4000	1902.8100	7069.9000	4167.3000	4718.5100	67058.0000	3805.0900	3078.3500	1252.3800	5531.2000	8603.7000	2528.7100	22900.7900	
1322524800000.0000	2893.1200	3192.3700	1325.6900	287.5500	1483.9800	7342.9600	3309.8600	37019.7000	19686.8200	1939.3000	5799.9100	4940.2000	4839.8700	64099.0000	3026.7600	2688.1000	661.5200	6444.8000	10624.0900	2905.0500	19508.1800	
1303257600000.0000	2080.8400	3130.4000	1251.7800	359.8700	1546.8900	8317.2700	3370.5200	37832.9600	16141.6700	2130.4300	7249.1900	4735.1000	4325.7600	58258.0000	4004.6200	3165.8000	1399.6900	6469.2000	9615.5500	2534.3600	23338.0200	
1306368000000.0000	2338.1800	2910.2000	1327.2200	344.4700	1575.0100	8573.3800	3469.3800	33136.8900	17693.1800	1744.8800	7114.0900	4369.1000	4444.5700	67383.0000	3917.2200	3123.7000	1286.8800	5661.7000	8719.2400	2684.0400	24150.5800	
1321228800000.0000	2724.8100	3174.5300	1332.6300	296.9000	1519.4100	9035.4800	3267.8400	33322.6300	18693.8600	2018.4700	5985.0200	4923.6000	4765.2300	69838.0000	3108.9500	2830.3300	762.8500	6610.4000	9659.1800	2728.4800	19399.9200	
1298851200000.0000	2826.7900	3184.7100	1123.5300	369.1300	1481.8200	7616.0600	3377.7800	36579.5900	18528.9600	2094.4200	7272.3200	4998.6000	4129.7100	52448.0000	4110.3500	3010.5100	1576.8600	6430.3000	9797.2600	2872.4600	21884.7400	
1301961600000.0000	2065.3000	2669.1600	1200.0700	368.9600	1548.5100	8829.2100	3414.9200	35467.0100	17804.8000	2139.1700	7175.3100	4171.9000	4142.3800	52811.0000	4041.7400	3146.7500	1489.4600	5093.8000	9794.3800	2473.4100	22061.1800	
1313712000000.0000	2748.3900	2860.4000	1307.4100	274.1500	1464.6100	7529.0100	3518.9800	36708.6400	18308.6600	1929.4800	5480.0000	4352.9000	4771.4300	62334.0000	3016.9900	2733.6300	961.9600	5285.3000	9050.4700	2730.0400	23336.0000	
1312416000000.0000	2143.7700	3117.4000	1346.2900	300.8500	1526.9600	9102.3300	3325.6000	35445.6500	17065.0000	2076.8300	6414.7600	4579.8000	4821.6600	64622.0000	3320.3500	3107.0100	1086.4300	6101.5000	9547.7900	2516.0900	20019.2400	
1309305600000.0000	2897.8500	3160.7700	1285.0900	335.2800	1562.5800	8538.5700	3488.8500	35179.5900	18684.4300	1833.4600	7294.1400	4831.7000	4327.2500	59513.0000	3924.2300	3079.7400	1264.8500	6476.9000	8763.4100	2749.1500	22496.0000	
1304899200000.0000	2574.7200	3009.7100	1287.8700	355.9300	1485.2600	7178.6900	3300.9500	37447.7000	18507.0400	2115.0100	7410.5200	4411.4000	4646.1300	62205.0000	4007.2600	3136.9400	1349.9100	5852.7000	10478.6600	2816.6900	20048.0000	
1308009600000.0000	1818.2300	3095.3500	1198.6200	313.0100	1522.7500	8969.4300	3350.9300	35781.4300	16483.4500	2130.4800	6346.1900	4651.1000	4214.0000	68051.0000	3348.6300	2905.7200	1266.9300	6255.7000	8597.3800	2386.8600	23779.6200	
1319760000000.0000	1864.0800	2817.1500	1299.5400	337.5200	1476.8400	7387.5200	3385.8900	36567.6300	16775.8700	1916.1800	7204.7900	4262.9000	4766.1000	58838.0000	3864.5800	3057.3900	811.1100	5501.3000	9682.2100	3010.5200	21804.7500	
1315353600000.0000	1926.9600	3161.0900	1305.4400	281.0500	1411.6500	7398.7100	3277.3100	36708.4100	16536.4700	2197.8200	5405.5300	4907.0000	4670.9300	58143.0000	3073.1800	2832.1300	929.4500	6562.4000	8463.1600	2466.9600	19002.2600	
1296086400000.0000	2863.7800	3060.2200	1244.5800	364.3300	1499.2800	8619.9000	3281.4200	33681.8000	19591.1800	1856.0700	7155.5800	4539.9000	4140.1500	58560.0000	4059.5700	3219.8300	1570.0500	5826.3000	8773.6800	2348.5200	18960.9000	
1310947200000.0000	2882.1400	2891.3800	1236.9100	323.1700	1561.9300	8901.7200	3396.1500	36863.5300	16051.1000	1795.0200	7107.9200	4288.1000	4366.8300	53838.0000	3650.7100	3078.9500	1171.7000	5681.6000	10492.3800	2913.8100	18141.5900	
1322697600000.0000	1897.4700	2903.0000	1195.5400	296.9700	1331.8000	6877.1200	3381.9900	37471.5400	19224.1200	1928.2400	6035.8800	4313.8000	3940.0000	67282.0000	3129.9500	2761.8800	671.4300	5685.8000	9590.9300	3007.9100	23048.6600	
1303430400000.0000	2831.8200	2846.5200	1308.4400	294.4700	1563.5200	8817.8800	3450.3600	33385.9400	18273.8000	2122.1400	5913.3600	4288.8000	4418.7200	69176.0000	3064.9000	2807.4400	1431.3300	5732.2000	8374.1300	2393.1800	24281.8000	
1321401600000.0000	2982.7200	3135.3300	1333.5100	292.8800	1582.9400	8721.9300	3255.3700	38378.1600	18762.8000	1652.7100	5865.0100	4898.3000	4741.3100	53748.0000	3153.5200	2693.0500	717.9300	6592.1000	10746.6700	2791.8100	17407.8000	
1318291200000.0000	2811.4000	3182.0500	1162.9500	364.8600	1465.1700	8739.8200	3324.0700	36951.2500	15175.0800	2080.8100	7181.1200	5005.5000	3812.2700	70127.0000	4034.3200	3027.5100	725.4500	6465.6000	9868.0700	2899.2400	23527.2600	
1299024000000.0000	1842.7300	2694.3800	1269.7500	367.3900	1536.0300	6662.6400	3384.4800	36800.7200	18584.9600	2125.7400	7178.7800	3927.6000	4863.3100	66341.0000	4028.3000	3171.6500	1569.9200	5401.0000	8336.4800	2759.3600	22899.7800	
1302134400000.0000	2872.6200	3155.5400	1328.0100	269.8300	1489.9500	9020.4000	3475.0000	36239.3900	16805.3300	1793.0600	5345.5600	4818.7000	4572.3400	63394.0000	2859.3400	2654.3100	1552.2000	6446.3000	9864.2600	2215.9300	18080.2000	
1316995200000.0000	1871.8600	3198.9500	1339.6700	354.2100	1554.2400	7098.0800	3202.0200	35380.5300	17985.8800	2166.6300	6857.0600	5019.4000	4798.1200	56865.0000	3802.0300	3229.2700	784.6500	6690.9000	8695.9800	2883.4200	23291.8000	
1294617600000.0000	2698.3400	3187.6200	1241.3000	370.5100	1508.8800	8654.4300	3558.8700	37103.1700	17839.0500	1922.9000	7400.0400	4647.9000	4179.2000	63776.0000	4110.3400	3080.6600	1354.6300	6237.8000	9411.2800	2333.2300	19179.6900	
1297728000000.0000	2826.9100	2847.3000	1342.0800	342.8200	1527.3400	8467.7100	3301.2200	35220.9900	19545.3500	2046.6300	7419.4400	4107.1000	4848.8900	58910.0000	4007.3500	3139.0100	1620.5900	5804.3000	9558.6900	2664.2800	21953.1100	
1309478400000.0000	2857.4600	3180.4600	1257.0800	301.7900	1469.1200	8948.1400	3481.6100	36892.2400	16866.9700	2003.4200	5847.0300	4858.2000	4100.1200	60881.0000	3055.3900	2614.4500	1308.4800	6562.8000	8737.6600	2909.1400	22685.2200	
1324339200000.0000	2046.1300	2933.4500	1267.6400	360.5500	1562.5900	7610.5700	3348.3600	33812.6200	18502.3800	2206.3000	7495.0500	4379.5000	4530.7000	66690.0000	4058.0800	3177.1800	660.0700	5739.9000	10005.9000	2938.9800	24007.3800	
1305072000000.0000	2631.1600	3039.1200	1298.3800	305.1000	1569.8900	8706.1700	3486.4800	35341.6700	18860.4400	1812.9300	6106.0900	4546.7000	4436.3200	67144.0000	3201.2800	2766.4600	1388.1100	6157.7000	10499.0400	2497.7500	19866.6300	
1323043200000.0000	2857.8000	3074.8900	1347.2400	332.3500	1542.8400	8972.5100	3323.9300	37994.7200	18232.0600	2154.9500	7110.2000	4734.1000	4767.2500	55778.0000	3792.3100	3020.1300	693.1200	6223.9000	9504.9700	2794.2100	22003.6900	
1308182400000.0000	2751.4100	3218.1000	1154.2300	356.7000	1454.4000	8823.6800	3408.3700	35639.3800	16371.5100	2108.1700	6816.1200	4277.4000	4106.3700	59120.0000	3904.4500	2983.5100	1208.0900	6476.6000	8374.9100	2791.3400	24283.2300	
1300665600000.0000	1796.5600	2763.2400	1325.8400	359.5500	1444.8700	7233.7800	3369.8900	36284.2000	16883.9200	2093.7900	7356.5100	4618.4000	4604.4300	70940.0000	4045.2900	3171.8300	1614.1300	5430.8000	8823.2500	2706.3600	23184.3200	
1303776000000.0000	1969.0400	3112.9200	1293.2400	276.1000	1522.6100	7428.3300	3542.9900	34584.7500	18486.4500	1839.1700	5189.9300	4908.6000	4931.4100	63954.0000	2974.5900	2825.3900	1425.5700	5966.5000	10693.6600	2416.5600	18491.2300	
1315526400000.0000	2827.7500	3182.5800	1215.6500	330.6500	1371.5500	8784.4000	3250.8900	36900.8400	16446.0200	1823.1000	7221.3600	4746.1000	4845.3200	56731.0000	3754.6000	3126.5300	886.7300	6556.1000	8615.6500	2438.7900	18757.8100	
1311120000000.0000	1980.2900	2827.5000	1203.6600	361.3200	1482.3700	7146.9800	3306.6800	33438.1600	16498.4700	2004.6800	7075.7000	4246.7000	4265.3100	54601.0000	3983.2800	3245.9600	1184.3500	6470.8000	8733.0100	2942.3100	23408.8600	
1294963200000.0000	2089.2600	2852.7700	1321.1500	346.2000	1566.4900	7550.2300	3418.1100	34675.5300	19534.1000	1723.0900	7160.3000	4306.0000	4016.4600	68012.0000	3942.5300	2730.3400	1445.8600	5614.6000	10512.8000	2392.0600	18011.0600	
1306713600000.0000	2909.2100	3176.5100	1151.0600	288.0100	1508.5600	8965.0000	3298.7200	37963.3100	18506.8200	1776.6800	5800.2400	4958.6000	4527.4700	53270.0000	2997.0100	2733.9700	1240.2500	5713.2000	10836.6400	2554.0200	19875.5300	
1321574400000.0000	2979.1700	2760.5300	1162.3500	297.3900	1496.9900	8683.8800	3269.5900	37226.4300	16990.1800	2094.9500	5914.8400	4097.7000	3901.4000	53787.0000	3186.9400	3061.3100	712.6300	6530.5000	9097.5600	2821.3000	24125.6100	
1318464000000.0000	2127.9800	2715.8000	1285.9600	367.9500	1491.4600	7552.8000	3334.5800	31740.1300	15813.3600	1977.2200	7178.9000	4239.8000	4162.5100	71633.0000	4020.2100	2701.1700	772.3600	5551.6000	8395.1600	2926.9600	23301.8400	
1299196800000.0000	1883.4300	3205.7900	1340.4300	278.3100	1540.7400	6966.3500	3395.7000	37066.7700	18531.2800	1869.4500	5578.4200	4831.9000	4878.4200	67685.0000	2995.6200	2765.1500	1585.8500	5230.6000	9648.7700	2526.8200	20490.5700	
1317168000000.0000	2797.4300	3224.8900	1119.4600	278.3200	1482.9900	9006.6100	3185.4500	35045.1400	16877.0600	1847.4900	5532.3800	5026.0000	4478.0800	48668.0000	3084.3700	3244.9400	809.9400	6613.8000	8722.1700	2186.3000	18378.2300	
1314057600000.0000	1878.0200	2685.8300	1254.0000	362.4100	1475.6400	7033.0000	3207.2400	37054.5600	17480.8300	2120.0800	7068.7800	4056.7000	3782.2500	57348.0000	3945.0700	3082.8300	911.0700	6706.5000	8835.5200	2871.0300	23276.2700	
1294790400000.0000	2842.0800	2865.7300	1337.7700	372.9900	1511.9700	7622.0100	3535.7900	35742.5700	18206.1600	1919.4200	7405.5100	4142.2000	4199.6400	63235.0000	4152.3100	2884.0000	1438.0300	4968.0000	9449.4700	2332.7300	19240.5800	
1297900800000.0000	2860.6000	3156.7300	1261.0100	283.3600	1535.3000	8545.0800	3283.0400	36546.6200	19292.0200	1909.6300	5923.2700	4787.3000	4851.0100	58663.0000	3125.1900	2664.8000	1662.6200	5837.1000	9849.7400	2470.0200	19369.9600	
1312761600000.0000	1969.1000	2920.6100	1218.2800	305.1800	1465.3500	9040.7700	3332.7700	36722.6400	17025.0900	2012.1800	5852.1800	4351.3000	4156.1000	57323.0000	3071.8000	3163.6800	998.2400	6563.3000	8879.6000	2948.4800	22825.4000	
1324512000000.0000	2885.7600	2858.8900	1297.5400	354.8600	1519.9400	7461.1200	3375.7900	34125.7000	18327.7600	2208.3500	7403.3100	4297.2000	4555.3700	67796.0000	4018.8500	2782.5500	656.4500	5766.2000	10237.9200	2887.0400	23805.6300	
1305244800000.0000	2824.5700	3077.1200	1360.4800	304.3100	1517.6600	8747.7500	3503.7600	36982.2400	18439.6500	1865.1800	5994.7300	4746.5000	4757.9900	65673.0000	3175.9800	2789.3500	1356.2400	5588.6000	10525.1900	2440.4000	18873.9900	
1323216000000.0000	2687.4600	3223.5200	1200.8600	296.1900	1565.0600	8765.3200	3316.9600	36688.1200	18722.3000	2069.7300	5834.5100	4952.3000	4008.4300	53911.0000	3068.3300	3022.1900	686.2000	6256.1000	10132.1100	2790.6900	23447.3400	
1320105600000.0000	2776.7500	2868.8100	1286.1200	359.7400	1556.4200	9062.3500	3338.7400	35755.4800	18608.8100	1996.3200	6804.4500	4337.9000	4673.0700	66575.0000	3913.7300	3184.9900	752.6500	6516.2000	9719.6100	2999.9400	23711.7000	
1300838400000.0000	2776.5000	3108.8500	1321.8200	359.4900	1590.2400	8773.4200	3421.1700	35410.5100	19078.3000	2171.2300	7475.2200	4850.0000	4482.6800	60270.0000	4104.9000	2778.9700	1605.9800	5723.4000	10071.1400	2770.7900	22444.8000	
1303948800000.0000	2896.0600	3170.0400	1345.0200	299.2400	1544.0000	8880.2700	3449.2200	36583.2900	19262.5400	2141.3400	5859.4300	4902.5000	4627.8000	63411.0000	3166.0600	3179.7200	1401.1600	6479.1000	9719.7000	2743.5700	23626.4300	
1318809600000.0000	1947.8500	3154.5300	1314.5500	360.7500	1387.1300	7225.3800	3551.5400	37590.6700	16453.7600	2180.5900	7077.4800	4674.1000	4848.2200	62207.0000	4005.5000	3103.8400	752.5900	6511.2000	8700.2900	2794.2700	22530.1800	
1296432000000.0000	2148.5200	3158.3800	1353.2200	366.3800	1464.7400	7410.8700	3460.5600	33503.2800	16146.3300	2122.3900	7164.7500	4788.6000	4776.5900	68164.0000	4015.9100	3182.9500	1593.3000	6031.9000	8772.3600	3022.7500	24303.0700	
1299542400000.0000	2093.4500	3222.0000	1324.4600	338.6000	1480.5200	7736.3200	3461.3200	33904.3800	17130.5100	1769.6500	7326.3900	4666.1000	4694.0000	52324.0000	3842.7000	3172.8700	1525.5000	6496.5000	9038.7400	2359.2200	17592.4100	
1311292800000.0000	2783.0600	3204.3400	1131.4200	345.9500	1581.8500	8784.4400	3343.3500	32219.3300	18744.5600	1764.5800	7217.4300	5064.9000	3888.5800	52953.0000	3964.8100	3125.8700	1286.1500	6211.1000	9972.4600	2615.2600	19752.4800	
1306886400000.0000	1852.6700	2711.6300	1159.2700	345.1600	1460.1300	6893.3000	3301.5800	36640.9300	16213.4600	1806.2400	7471.4400	4070.1000	4113.4400	51395.0000	3979.9600	3160.4400	1289.9900	6440.1000	8536.4600	2549.1800	19783.6700	
1309996800000.0000	1968.5000	2720.1400	1120.7600	366.4700	1462.3700	7460.3100	3183.7400	37227.2100	17481.9300	2161.7500	7204.8600	4280.5000	4104.1900	63039.0000	4038.7000	2675.1600	1264.2300	5531.7000	9354.3200	2816.3500	22747.9500	
1302480000000.0000	2670.0500	2658.4300	1337.8800	280.1800	1559.1900	8530.6800	3473.5900	36579.0700	17506.6300	1874.7500	5502.0200	4207.4000	4808.5300	58236.0000	2981.9600	2765.7400	1491.8300	5298.2000	9536.1300	2315.2700	18586.2300	
1317340800000.0000	2887.2200	3207.1500	1255.1900	278.4900	1515.5500	8610.3900	3271.4600	35109.9700	18815.6400	1869.9600	5584.1400	4656.9000	4184.1500	58196.0000	3119.0000	2821.0900	798.4200	4792.0000	8772.5400	2508.0900	19242.5000	
1314230400000.0000	1952.4000	2907.1200	1261.1500	277.2700	1450.2500	7353.3700	3311.5100	36784.2700	17085.3400	2019.6500	5613.4200	4264.1000	4277.3900	61168.0000	3002.9900	3129.6900	889.1700	6243.0000	8616.5500	2621.2500	21599.5100	
1312934400000.0000	1977.8100	2924.5400	1278.3600	343.1000	1448.0000	7391.3700	3467.4900	34523.2700	16467.4400	2054.0400	7439.4400	4237.5000	4630.5700	67766.0000	3978.8300	2694.6000	982.1100	5793.6000	10457.3600	2977.8100	23158.6700	
1309824000000.0000	2938.6700	3033.2500	1313.8000	304.5800	1531.8200	8642.9000	3388.6100	33947.6200	18090.6200	1855.9200	5986.7100	4512.5000	4588.5500	54966.0000	3172.3500	2810.0400	1288.3200	5668.0000	10434.3800	2377.5100	18309.2200	
1323388800000.0000	2806.8300	3131.9000	1209.8800	304.5000	1516.9100	7578.0100	3300.0300	37948.7500	18327.9800	1981.5800	6133.1800	4840.3000	4088.9900	55544.0000	3195.4700	3013.6000	675.8000	6113.7000	8851.3500	2471.3000	23908.9600	
1320278400000.0000	2193.8500	2874.5000	1172.8700	331.6400	1447.2700	8988.0000	3285.4100	35891.4100	16416.3300	1829.5000	7150.2100	4274.8000	4031.3300	66688.0000	3799.6600	3070.8400	759.5000	6352.3000	10518.9800	2799.4000	23614.8900	
1308528000000.0000	2912.6000	2739.6100	1304.0300	364.6500	1570.0400	9046.2800	3352.3000	35016.0400	19092.0500	2096.4800	6946.3600	4158.4000	4632.0600	66041.0000	3972.3800	2720.2100	1229.4300	5700.0000	9492.2100	2957.1400	19865.1100	
1301011200000.0000	2764.3700	3176.8000	1295.1100	301.6800	1559.8500	7056.6700	3406.2400	38151.3000	18376.4800	2113.4700	5913.5300	4897.9000	4371.2300	54861.0000	3157.3400	2729.3700	1622.1500	5359.1000	8423.6200	2576.4100	24153.9800	
1318982400000.0000	1880.4400	3102.3000	1210.0800	270.0500	1504.1100	7000.0300	3306.0000	35123.8900	15727.8500	1825.1200	5166.3600	4791.3000	4214.6300	70920.0000	2894.9300	3211.1200	740.9300	6553.7000	8314.7400	2708.9800	22949.5600	
1315872000000.0000	1657.5700	3210.7400	1295.0200	367.3900	1437.9900	8780.2000	3343.7400	36644.8600	16065.4200	1826.2800	7183.6700	4333.7000	4929.7900	64341.0000	4066.5300	3075.4400	843.1200	6404.6000	9641.1800	2728.0200	18518.6700	
1296604800000.0000	2875.2900	3123.2100	1300.1600	362.1400	1535.5900	8892.8800	3514.7600	35969.6100	19696.8600	2121.9200	7063.0900	4911.6000	4877.8500	56534.0000	3963.9900	2791.8900	1664.0600	5446.5000	9620.8200	2170.0100	18251.5900	
1299715200000.0000	2786.8400	2892.8700	1249.6400	281.2600	1544.0200	8839.2200	3236.9000	37347.6900	18141.4000	2095.5100	5670.0700	4666.6000	4151.7200	55878.0000	3154.2000	3249.5800	1544.8800	6634.9000	10857.5300	2412.6200	24135.0300	
1314576000000.0000	2923.5500	2743.4500	1188.0400	363.7300	1525.8500	7637.0200	3252.2700	35276.4700	18438.3100	2005.3000	7143.4500	4141.7000	4127.0100	66486.0000	4012.6800	3145.6700	1006.5900	6407.4000	8963.7200	3050.4000	23163.3800	
1295308800000.0000	2233.4100	3181.9100	1314.4100	340.2400	1483.6700	8884.0900	3457.6300	37242.0500	16839.6300	1793.3100	7109.0300	4204.2000	4645.1700	62367.0000	3890.6800	2666.2500	1443.0000	5895.3000	9567.0200	2859.5700	23485.4200	
1307059200000.0000	2755.3100	3170.1400	1343.6000	306.7600	1567.3500	8621.0400	3569.0000	33361.5000	18137.3500	2102.4100	5771.2700	4999.6000	4816.4900	67259.0000	3071.0800	2717.2000	1333.6600	5447.7000	9629.4300	2932.2500	19620.0100	
1325030400000.0000	2713.9800	3187.9100	1178.8100	276.9100	1438.8300	7254.5100	3381.9300	34819.5700	17550.6300	2063.9000	5537.3900	4828.2000	4417.4400	53473.0000	2870.6800	3172.0800	669.5700	6364.3000	10004.2000	2593.1700	22901.0800	
1321920000000.0000	2866.4000	2821.7900	1328.9800	362.7600	1430.9300	7385.6800	3216.5000	35399.4400	18998.0200	2228.9600	7177.9700	4990.9000	4250.6900	57669.0000	4006.2300	3168.8100	684.0400	6558.0000	8678.8900	2190.1100	21859.9700	
1302652800000.0000	1956.7400	3121.0400	1287.1400	350.8400	1561.7700	7741.3600	3558.0500	36592.6100	16785.6400	1838.3800	7358.2300	4237.9000	4852.9600	63673.0000	4027.7400	2850.5900	1531.0400	6683.9000	8668.8600	2852.7700	23720.8100	
1305763200000.0000	2033.9500	3073.3900	1361.2200	370.9200	1588.5800	8794.2400	3457.4600	35020.7400	16876.5400	1774.0800	7321.8100	4753.0000	4711.0900	61194.0000	4097.4100	3136.4800	1322.2700	5252.8000	10543.5200	2649.3200	18025.7200	
1298246400000.0000	2943.7100	2893.2700	1238.2500	291.9000	1530.7300	9022.1700	3497.8600	35181.4400	18008.1500	1880.1100	5997.7400	4590.8000	4826.0700	65463.0000	3213.8800	3042.8300	1668.2500	6496.6000	8955.2000	2317.2700	19181.5000	
1313107200000.0000	2280.0900	2825.9700	1209.1100	347.7200	1447.9900	8665.8500	3281.1600	37451.8400	18518.2200	2168.7000	7256.6500	4896.2000	4127.6300	55255.0000	3941.5800	3179.8600	991.1400	6113.4000	10097.7200	2479.0500	20534.8500	
1324857600000.0000	2679.4700	3177.7000	1310.8700	334.1700	1521.9400	7072.0800	3272.5000	35721.1000	19046.5400	2106.6600	7278.1900	4203.4000	4073.2200	56381.0000	3871.3700	2712.4100	665.0600	6544.7000	10437.3100	2799.4000	22572.0800	
1305590400000.0000	2848.8800	2859.4300	1218.8900	361.5600	1489.6400	6864.3900	3367.8200	35341.2700	18721.3900	2157.1600	7527.6400	4153.2000	4610.2800	65269.0000	4108.7700	2765.9500	1346.8700	5753.5000	10069.5300	2567.3400	24003.7000	
1308700800000.0000	2672.0500	3150.9800	1331.9400	305.7000	1361.3800	8718.1200	3323.0700	37584.6800	15454.9200	1795.0600	5970.9600	4958.8000	4288.3200	56495.0000	3171.3400	3211.1200	1271.4300	5433.5000	8455.3500	2703.0300	22347.2300	
1304294400000.0000	1675.1700	3112.3400	1280.2600	278.5200	1511.1100	7561.8600	3416.6200	36359.4900	15858.4900	2140.5000	5508.2400	4369.9000	4525.3000	59340.0000	3045.6200	2885.2600	1429.1200	6584.4000	8165.1800	2677.6500	18434.3900	
1319155200000.0000	2853.7500	3153.9800	1319.4900	365.5100	1545.1300	7047.8700	3339.2900	37077.5200	19386.8200	1907.5300	7216.2100	4646.3000	4870.8400	69562.0000	4047.2100	3186.5700	782.3600	5528.5000	9591.5200	2802.6900	17935.1000	
1316044800000.0000	1923.2000	2925.9200	1257.6000	292.9300	1533.4200	8528.9400	3434.1400	35323.6000	17362.1000	1706.1900	5784.8500	4892.0000	4756.1300	60224.0000	3256.7600	3205.4800	848.4000	5990.2000	8755.4400	2199.4200	24008.0700	
1296777600000.0000	1829.4900	2703.3500	1319.6800	336.7400	1539.5500	8683.3000	3274.7100	36988.3800	15864.8600	1961.6300	7349.4500	4646.8000	4177.5300	55280.0000	3787.8800	3117.3700	1661.6800	6513.5000	8456.1200	2397.5500	20014.4300	
1314748800000.0000	2867.9900	3177.5300	1229.1000	356.1400	1465.3900	9025.3000	3241.1000	36553.8500	18178.3300	2106.7000	7024.2700	4111.0000	4014.2500	66684.0000	3964.8400	2646.3500	915.9800	6053.0000	10579.1000	3050.5300	16250.2700	
1311638400000.0000	2882.1800	2880.3700	1123.9500	336.1600	1564.6600	9111.4600	3452.6900	32966.2300	19445.2200	2070.0800	7230.2500	4115.3000	4669.8700	57550.0000	3807.5100	3153.3000	1233.2200	5936.2000	9755.1000	2524.9200	22906.9000	
1295481600000.0000	2951.8800	2612.8300	1307.4000	312.4700	1520.0900	6896.3100	3353.5600	36464.0700	20561.0500	2069.7000	5898.3500	4939.3000	4290.6600	50686.0000	3159.8100	2858.6600	1546.9300	5357.0000	10635.9800	2862.6300	23527.5200	
1310342400000.0000	2990.5500	3138.5400	1325.8300	271.6100	1528.4300	7621.7200	3320.3900	37440.5100	17775.7000	1864.0600	5428.1100	4406.2000	3606.3100	66910.0000	2822.2500	2531.0200	1218.8800	6400.3000	8552.8100	2928.1100	23436.0500	
1325203200000.0000	1787.2900	3134.2500	1271.8700	359.0000	1495.3500	8532.8300	3372.0700	38605.8000	16002.5100	1919.1000	7178.2900	3935.6000	4284.8600	68587.0000	3974.4800	3001.8500	680.4200	5607.9000	8767.0900	2808.0800	23484.3000	
1322092800000.0000	1950.8400	3226.8100	1324.5700	294.4000	1474.0900	8596.5700	3439.8500	37565.6500	18240.6800	2090.8100	5829.5400	4935.6000	4624.4700	69962.0000	3075.1600	3105.8500	673.3000	5444.5000	9678.7100	2799.4000	18447.1700	
1302825600000.0000	2638.4100	2883.0800	1225.7300	270.0600	1551.9100	8947.3500	3383.1700	36471.4400	19120.8000	2072.1300	5216.7100	4928.6000	4967.5100	65771.0000	2850.5500	3235.7700	1469.0300	6622.8000	9459.0800	2248.5900	19677.8900	
1320796800000.0000	2902.4300	2904.7800	1261.1200	365.2400	1580.6700	8520.0200	3292.7900	37024.6100	18469.3600	2180.6400	7194.6000	4983.1000	4544.2400	57495.0000	4013.1200	3185.3600	767.1100	6357.5000	9620.4900	2509.8000	22171.9500	
1317686400000.0000	2835.1100	3034.8900	1268.4500	365.6200	1551.8900	7757.0600	3342.1900	35347.8500	18439.4800	1971.2300	7041.3100	4251.7000	4166.6300	59199.0000	3989.1800	2685.7400	730.3300	6493.9000	8950.7400	2746.2100	23060.3600	
1298419200000.0000	2753.0000	3146.6200	1319.4400	359.8600	1528.9800	8767.2000	3455.6000	36795.8900	16821.4600	1867.7500	6989.7400	4335.3000	4343.7200	61017.0000	3900.8600	2848.2400	1629.7200	6638.7000	9901.3500	2958.0800	23315.2400	
1301529600000.0000	2209.3200	3180.2800	1347.3200	371.1100	1468.7500	9057.1000	3421.1900	35531.2200	18209.5200	2155.8500	7323.2400	4565.0000	4696.3500	67419.0000	4108.2700	3066.8500	1535.1900	5759.7000	9963.1400	2866.0200	23345.8800	
1294012800000.0000	2624.1700	3064.1200	1296.3900	298.5600	1393.6900	8488.0600	3495.1900	36205.7600	18596.0200	2129.6400	5774.2600	4851.2000	4557.9000	63616.0000	3078.7200	3056.9500	1419.6600	5646.0000	9442.9500	2937.6300	20212.9100	
1297123200000.0000	2690.3900	2807.0800	1173.9700	299.7500	1489.2700	8747.5100	3361.2000	35134.4300	18495.6200	2099.7100	5928.6800	4813.8000	4758.6600	67169.0000	3103.6000	3110.6200	1669.8200	5998.0000	9460.6300	2528.2800	22570.7400	
1323734400000.0000	2734.2900	3118.7500	1300.6700	328.7400	1419.0400	7367.2900	3303.2200	35917.8000	17993.3300	2055.7100	7121.3800	4710.1000	4325.1200	56532.0000	3784.8000	3030.8600	656.7500	6355.1000	8514.4700	2708.7800	22868.6700	
1320624000000.0000	2705.5100	3128.9400	1284.9400	365.9100	1498.2400	7132.0000	3396.7900	34895.8300	17192.8200	1863.4500	6934.4400	4321.5000	4250.7200	58708.0000	3987.8000	2843.0900	761.0400	6470.4000	8522.0200	2795.4800	21926.8800	
1308873600000.0000	1932.0000	3142.2000	1317.7200	355.9100	1566.1700	8599.6500	3505.6100	36254.7000	17700.9100	1710.3200	7373.9300	4539.2000	4434.6800	60670.0000	4043.1300	3189.8500	1232.6000	6274.5000	10526.7600	2744.3000	22711.0200	
1301356800000.0000	1969.3200	3108.0300	1317.3700	356.3200	1503.9900	7535.8800	3424.3500	35215.0200	17065.1500	1963.4300	6866.6300	4641.1000	4724.4700	63218.0000	3878.0400	3115.9500	1579.7600	5359.7000	8741.1600	2774.5700	19137.1700	
1304467200000.0000	2882.0500	2923.8100	1263.8500	286.4300	1558.0100	7798.5900	3554.1400	37555.6500	16730.9400	1854.2800	5538.3300	4583.2000	4815.4000	62345.0000	3148.5300	3088.4200	1387.5900	5871.4000	9107.4300	2481.0800	17172.2800	
1300060800000.0000	1998.8900	2788.9100	1164.9700	332.5600	1464.1100	8846.3100	3322.0100	33279.7200	20301.1000	1879.8700	7190.0600	4722.9000	4798.2900	58547.0000	3712.6600	3110.4800	1662.3800	6330.6000	10380.7700	2878.5600	23012.3700	
1314921600000.0000	2229.8100	3177.4000	1319.8800	338.9300	1515.5000	8836.5600	3346.2100	36880.2000	17463.0400	2082.5500	7103.2500	4358.6000	4337.8300	52290.0000	3871.9200	2790.9400	891.9300	6025.2000	10605.6500	2512.9600	18824.1700	
1311811200000.0000	2879.9300	2801.2800	1166.7600	332.9800	1457.8000	8701.3800	3363.9100	34019.2200	18314.3300	2008.5000	7267.8700	4132.1000	3889.0100	66903.0000	3793.2700	2603.1200	1209.5500	6437.8000	9965.0100	2608.1700	20212.0800	
1307404800000.0000	2974.5800	2838.3900	1192.7600	342.4600	1413.1200	6764.5900	3308.8300	33948.4800	15836.4700	2172.3100	7121.5200	4924.9000	4373.9000	55982.0000	3906.9800	3025.1600	1297.0500	5649.0000	8377.3700	2838.5900	23757.8200	
1310515200000.0000	2574.0900	3201.7800	1276.5600	300.9800	1492.4400	8977.2300	3273.7500	38696.2400	18518.8100	1819.1100	6057.0300	4153.6000	4045.5700	54324.0000	3149.3800	2791.7900	1190.3000	5640.1000	9859.2000	2818.1600	22708.6200	
1306108800000.0000	1773.5500	3190.0900	1321.8700	285.8100	1542.9700	7491.2100	3324.9900	36652.1300	17254.8600	2147.4500	5645.2500	4317.3000	4215.4400	71091.0000	3075.3700	2832.7300	1280.1000	6537.2000	8762.3100	2703.7800	22663.3700	
1320969600000.0000	2821.8000	3067.1100	1286.9400	366.7700	1577.2500	7480.8800	3365.8700	35730.7100	16745.3500	1888.6500	7185.1700	4820.9000	5040.9700	64578.0000	4070.3800	3254.2500	755.6500	5475.3000	9093.7200	2180.9000	18026.8400	
1317859200000.0000	1979.4700	2837.1900	1215.7500	275.6800	1550.8900	8324.5800	3413.8300	36006.9000	18358.6900	1820.9400	5433.8000	5001.7000	4464.0200	58536.0000	2935.8200	3103.3900	739.9700	5373.3000	10345.1100	2863.8900	23159.1400	
1298592000000.0000	2000.8400	3176.8500	1340.2000	291.5100	1521.5300	8947.7900	3263.1900	35212.2300	19151.2800	1957.9700	5994.9000	4573.1000	4486.3900	56331.0000	3230.9000	3215.2700	1583.2000	6519.3000	9974.4700	2409.6700	18968.2000	
1316563200000.0000	2703.7100	2916.0700	1229.0500	357.2800	1533.5700	9000.9400	3506.3500	35290.1500	18561.9200	2082.1600	6939.8200	4197.8000	4138.0400	64417.0000	3904.6100	2635.2500	855.9900	6612.1000	9467.1500	2437.7900	18917.9500	
1313452800000.0000	2872.7300	2786.6900	1204.0900	370.6100	1555.4800	8574.9100	3296.3600	35076.9600	18384.9000	2145.2000	7340.2800	4816.1000	4813.6400	56286.0000	4095.1400	3099.5200	1012.5200	5784.1000	8287.4900	2930.8000	22700.8800	
1294185600000.0000	2639.2100	2971.3200	1256.8800	324.5900	1365.9400	6898.7800	3288.3100	35655.3100	16167.1300	2071.4200	6953.9800	4287.7000	4139.3800	57103.0000	3588.0500	2769.9400	1373.9100	6526.5000	9441.0300	2695.7200	23801.7800	
1297296000000.0000	2718.6100	3149.7400	1290.8400	294.6200	1503.3000	8638.5500	3326.8000	37667.9000	19121.8300	1815.2800	5730.6200	4164.1000	4334.6400	66003.0000	2998.7300	2757.2300	1632.0600	5708.8000	9422.8800	2820.1700	21875.3800	
1312156800000.0000	1763.8000	3121.6200	1316.1400	359.1200	1572.2100	8727.0900	3352.6600	36155.8600	17847.2400	2122.6800	7492.2500	4644.0000	4882.9700	69427.0000	4058.0100	2971.0000	1182.7600	5360.6000	9718.8900	2703.3400	22609.8300	
1323907200000.0000	2793.3800	3109.8700	1289.0000	304.9800	1545.1000	7046.2200	3406.3800	35233.4000	19701.7300	2035.8700	6046.7500	4888.1000	4724.8000	59478.0000	3174.2900	3185.7600	660.1400	6021.5000	8943.7600	2383.0300	18037.8100	
1304640000000.0000	2720.8900	2799.5500	1192.5500	274.6300	1570.0200	7614.9700	3488.7500	35558.1800	16162.0600	2115.8700	5415.9100	4621.7000	4762.4400	63469.0000	2940.0000	3097.5700	1370.1000	6603.8000	10541.0400	2999.0400	23520.6200	
1319500800000.0000	2898.8100	3128.1600	1312.6200	343.2000	1470.9300	8782.7200	3218.4400	36440.2200	16469.7900	1697.4400	6513.8400	4542.7000	4054.1500	56017.0000	3696.5600	3084.2400	756.0500	6271.0000	9637.1400	2741.7400	22747.2800	
1316390400000.0000	1849.5000	3124.8400	1320.4700	360.9900	1545.8800	8456.8600	3439.9800	35498.4200	19691.8100	1860.5800	7067.7700	4125.8000	4675.6000	66158.0000	4033.2100	2694.4300	850.2200	5938.1000	9648.9800	2433.1600	24150.5800	
1300233600000.0000	2124.3100	3190.3100	1332.8700	338.0400	1503.8900	8478.8600	3554.3600	37903.5800	17940.5500	2086.2000	7159.6600	4874.3000	4800.8200	63388.0000	3878.6500	3125.3700	1611.0900	5522.7000	8926.5400	2559.4700	17668.8300	
1295827200000.0000	2897.7800	2683.1600	1136.4300	329.4900	1454.3700	7565.2100	3459.5100	32588.4300	18492.4500	2066.2600	7220.1200	4661.6000	4738.8100	69704.0000	3726.5900	3118.6500	1548.6500	6326.6000	9448.2100	2838.8000	20016.2700	
1307577600000.0000	2422.6400	2696.4700	1140.6500	285.0700	1520.0000	8712.9500	3282.7100	33246.6300	18266.0300	2062.9100	5745.3300	4984.7000	3772.1400	53230.0000	3012.9300	3140.6200	1262.6400	6464.5000	9206.7500	2678.4900	23686.6300	
1310688000000.0000	2662.3300	3171.9800	1271.5000	353.1700	1472.1000	8394.7500	3286.2200	38600.8600	17878.8100	1922.0400	7039.3100	3978.5000	4149.3000	53134.0000	3908.5800	2698.8000	1176.8800	6414.6000	8590.5700	2759.2000	21992.7200	
1322438400000.0000	2094.5800	2963.6500	1260.3400	344.9100	1526.3300	7367.1900	3317.9400	34484.3700	16862.8100	2048.7400	7170.9400	4319.4000	4947.0400	70057.0000	3928.9900	2824.9600	666.9500	5298.8000	10401.9000	2435.6100	22061.7800	
1303171200000.0000	2789.1400	3069.5100	1296.6700	369.0100	1548.6900	9055.5900	3369.8200	36188.9100	16123.4600	1981.1300	7175.3300	4812.0000	4312.4400	56017.0000	4042.9200	3261.3500	1437.2800	5196.0000	8434.6100	2700.3800	19688.7000	
1306281600000.0000	2094.2700	3013.6300	1284.5900	264.7200	1477.2200	6904.1200	3441.0100	36727.2100	19602.2300	1766.7100	5196.5600	4408.3000	4762.7100	62303.0000	2810.1100	3130.3400	1289.6300	6497.6000	9685.7700	2906.8900	22508.0800	
1301875200000.0000	2858.7300	3078.7500	1271.8300	279.5800	1397.0400	8957.6500	3303.4700	34997.9700	18266.1000	2110.4600	5602.8000	4523.2000	4316.8200	59270.0000	3076.0400	3050.7900	1492.4400	5483.1000	9521.9400	2470.5200	22300.2300	
1316736000000.0000	1846.9100	3037.7000	1279.2100	356.4400	1502.2400	8810.0000	3476.6800	35418.5000	16882.6700	1847.5100	6947.8400	4403.9000	4663.3500	62023.0000	3865.5800	2847.5700	797.9500	6002.4000	8541.9300	2708.8100	19710.5000	
1313625600000.0000	2868.8700	2733.7600	1165.2400	310.6900	1552.8900	7491.0600	3339.5100	34439.3400	16557.2300	2198.5400	6640.5900	4715.8000	4313.6400	66880.0000	3454.9400	3059.0400	976.6200	5823.0000	10754.0300	2333.4100	23843.2400	
1294358400000.0000	2746.9000	3162.8000	1296.6300	329.9000	1505.3300	8727.5600	3270.5600	37585.4000	18446.5000	2100.2400	7170.4300	4160.7000	4111.4800	56607.0000	3851.8900	2935.7800	1390.8400	6098.0000	9584.3700	3026.6700	17989.3500	
1312329600000.0000	1878.2400	2902.7700	1246.9600	334.0300	1524.4300	8851.9800	3354.7200	36829.1500	19612.2000	1886.1200	7085.1400	4184.7000	4838.5300	68709.0000	3807.6100	2775.0900	1101.3100	5367.2000	10725.5400	2709.9500	24138.3100	
1309219200000.0000	1975.3200	3192.4900	1337.3800	315.4500	1579.0700	8685.4700	3270.2100	35819.2000	18202.2000	2126.7100	6337.8400	4995.7000	4161.2900	56875.0000	3368.6200	3220.7800	1258.8400	6593.0000	9299.8800	2529.7600	23118.0700	
1307923200000.0000	2888.7900	3161.2500	1331.1000	350.4100	1477.7800	7853.1300	3492.4000	37293.3800	17305.8700	2014.5900	6664.4000	4760.3000	4738.6600	64295.0000	3810.2200	2702.4600	1252.3800	5652.3000	9816.0900	2344.7900	19348.4400	
1319673600000.0000	2918.7000	2906.3300	1257.8100	273.3300	1523.3700	8652.5900	3527.9600	33547.2400	18845.8700	1943.7500	5193.9700	4351.5000	4841.6500	53273.0000	2965.6400	3194.7300	811.1100	6457.2000	8296.1200	2918.9200	17711.0600	
1300406400000.0000	3000.7000	2847.5300	1194.8900	362.0500	1556.1900	6633.3300	3317.3300	36768.0900	15379.3400	2100.6900	7127.3500	4262.3000	4348.5100	66243.0000	4049.0700	3135.5200	1593.7800	6489.3000	9818.7600	3001.3600	23396.4200	
1315267200000.0000	2266.3500	3146.0300	1306.3300	299.6800	1524.0500	9023.2800	3384.3900	37861.8100	18512.7700	1776.9300	6088.8400	4920.4000	4400.6700	69037.0000	3154.6200	2811.5800	860.7400	5664.9000	9574.3200	2899.1300	24285.0500	
1296000000000.0000	2766.7300	3201.9600	1335.5400	359.0100	1469.8300	8831.4500	3449.8800	36998.9300	18132.2400	2086.5300	7295.4900	5011.4000	4781.6600	66558.0000	4021.8800	2668.3000	1567.8300	5718.6000	9671.9600	2626.4200	23121.0600	
1322611200000.0000	1789.0800	3212.5500	1332.3200	346.0600	1521.8900	8950.7500	3383.4700	33697.8700	19584.3100	2216.0000	7163.4700	5023.4000	4608.2400	52949.0000	3950.9800	3067.6000	682.2100	6619.4000	8793.1200	2762.0800	20946.1400	
1303344000000.0000	2864.0000	2783.9200	1199.3800	292.9300	1555.6400	7548.3700	3276.5100	36558.0700	17165.5400	1846.6400	5933.1400	4169.7000	4066.0900	62404.0000	3049.1300	3170.3300	1431.3300	6443.1000	10360.3400	2218.2400	22398.1000	
1306454400000.0000	2730.4600	3163.5400	1320.6400	293.3400	1489.0200	9145.3500	3448.3500	35587.7800	18395.9700	2107.8700	5847.2900	4659.8000	4795.2800	55298.0000	3161.4700	3104.4200	1264.9200	6666.1000	9889.7200	2890.6300	18070.2100	
1321315200000.0000	2163.0800	2817.8600	1205.3500	367.9500	1465.4700	8524.5700	3223.0300	35678.9200	18653.8700	2130.2100	7223.3000	4113.9000	4140.8100	64877.0000	4067.1500	2994.7800	735.6500	5172.1000	8643.7500	2705.4300	22343.7700	
1318204800000.0000	2889.1400	3201.5300	1357.1600	369.6400	1428.5000	7140.6800	3528.7500	35318.3900	16846.8300	1916.0400	7215.1100	4803.6000	4857.5800	61604.0000	4048.1600	3120.4400	740.0600	6187.1000	8479.6300	2964.9500	24138.3100	
1298937600000.0000	2598.9400	3063.9600	1265.4200	370.1700	1506.8800	7387.8100	3506.3700	36860.6800	16461.7100	1876.6700	7396.6300	4635.4000	4572.0900	66972.0000	4096.6200	2618.0900	1579.8500	5768.0000	8738.9000	2498.9400	19912.8200	
1302048000000.0000	1854.3000	2828.7400	1335.2500	296.3500	1557.4900	7382.3500	3308.0500	34712.3800	16958.3900	1809.5000	6236.1600	4269.8000	4752.2000	57624.0000	3278.5600	3156.2600	1528.6700	6526.2000	10586.0200	2752.7500	23617.0200	
1297641600000.0000	1810.0200	3120.0000	1185.9000	339.6500	1364.2000	8738.3700	3352.6400	36839.7200	18489.7600	1970.6600	7376.2400	4872.5000	4198.3800	66698.0000	3982.2100	3054.8200	1642.7000	6198.2000	9768.0800	2796.9800	21902.4000	
1312502400000.0000	2007.2200	3079.6400	1276.3400	293.9000	1472.1600	8894.5400	3392.0200	35752.0200	19451.4500	2127.9700	5670.7100	4539.4000	4672.3300	59082.0000	2974.2000	3187.7200	1062.0000	6457.2000	8609.9500	2360.6600	19040.3900	
1309392000000.0000	2856.4800	2924.0600	1326.7300	361.0500	1562.9400	7089.9500	3282.3900	36756.0600	16524.0300	1735.7100	7501.5200	4346.3000	4662.0900	57886.0000	4052.5100	2856.9000	1279.0600	5528.9000	8628.1300	2463.0500	18817.4700	
1324252800000.0000	2903.2100	2859.0000	1244.2800	334.0400	1506.3000	7312.5900	3280.7400	36110.6800	16341.7000	1710.7000	7115.0800	4324.1000	4139.7900	56989.0000	3806.8500	3229.6900	650.5000	6528.1000	10510.6800	2420.0000	18329.4600	
1304985600000.0000	2004.8700	2873.6500	1216.1300	283.3900	1484.9800	8931.3600	3325.1200	34470.3600	19196.3400	2088.3200	5408.4600	4266.4000	4288.7000	68146.0000	3085.8300	3096.1200	1369.3000	5896.5000	10808.2900	2902.9800	23122.4200	
1308096000000.0000	2106.1200	3180.7400	1207.2500	361.1600	1532.2900	8712.9600	3397.3100	37132.9800	18300.9000	1989.1100	7102.8000	4902.8000	4005.8900	68718.0000	4002.3200	2773.3600	1243.0500	5718.9000	8459.9800	3030.0200	24396.0700	
1303689600000.0000	2868.3600	3206.7100	1330.9700	326.1700	1480.9200	6966.4800	3445.2700	37471.7200	15685.2100	1848.4100	7192.6700	5036.5000	4515.9600	53920.0000	3694.9500	2778.2500	1431.3300	5644.6000	9716.6500	2415.0500	18130.5500	
1315440000000.0000	2997.6000	2798.8400	1328.1700	300.7700	1491.8900	9033.6800	3292.8300	33783.6800	18335.7900	2122.6500	6080.6800	4063.5000	4712.9700	52440.0000	3164.9500	2737.7500	886.7700	5781.1000	8575.1600	2515.8600	19486.8700	
1296172800000.0000	1843.9000	2697.6900	1175.3800	290.2100	1563.4300	6956.2800	3274.4400	33593.6500	17705.0100	1902.8200	5850.1700	4150.8000	3925.5500	70423.0000	3010.2900	3037.3500	1591.2300	6599.2000	8988.3900	2804.0500	23760.3400	
1311033600000.0000	2831.5700	3187.8300	1123.8200	300.1400	1509.1000	7587.6900	3329.7600	38028.8100	17870.5300	1909.0300	5994.4700	4814.9000	4112.8900	67571.0000	3229.7600	3187.3100	1187.7400	6457.9000	9351.4000	2923.9000	23156.9700	
1322784000000.0000	1868.7100	3223.1900	1274.4800	367.6000	1529.9100	8636.1000	3384.4800	37074.9300	17988.3000	2031.9300	7225.9600	5018.6000	4829.9400	56653.0000	4060.7600	2725.9100	690.6800	5564.6000	9608.3200	2191.1500	18416.4500	
1321488000000.0000	1983.7500	2832.6700	1336.3200	366.9400	1515.7400	8508.0400	3223.0800	36628.0600	19448.6900	2013.6600	7217.0200	4190.2000	4536.7500	64003.0000	4061.9100	2731.8100	724.8100	5144.0000	9691.8400	2844.0800	23073.7600	
1318377600000.0000	2706.8800	3164.3700	1243.7200	282.0400	1444.8100	9049.2500	3540.3100	35161.2600	18222.6700	2206.7000	5628.4400	4776.6000	4199.5600	59536.0000	3023.3800	3241.4900	759.8900	6534.8000	10505.0200	2325.9100	18942.2300	
1299110400000.0000	2823.9000	2931.8000	1348.6500	276.3700	1565.8100	8713.7900	3291.4900	37071.1700	15848.8300	1980.2700	5473.7800	4321.6000	4863.8100	58338.0000	3051.3600	3094.7200	1580.6700	6711.6000	8797.7800	2468.2500	19864.8700	
1302220800000.0000	2876.4300	2926.5000	1258.4700	358.3000	1558.2900	7445.1000	3332.5600	36159.9900	18436.1900	1778.9500	6941.5700	4360.5000	4092.2300	61060.0000	3861.9200	2673.3200	1531.1200	5804.8000	10010.3900	2642.8200	21695.2600	
1317081600000.0000	2833.4300	3047.6100	1253.3000	371.4900	1442.4300	8717.1400	3469.5900	35025.7400	18503.2800	2145.0400	7414.3000	4551.1000	4623.5100	67578.0000	4151.2600	3130.4500	791.1900	6562.6000	9693.7300	2919.1400	22857.9000	
1313971200000.0000	2143.8000	3061.6400	1271.5000	300.8000	1387.4600	8988.8400	3365.2300	35925.3500	17082.6900	2142.4700	5791.5300	4737.7000	4510.3100	66264.0000	3030.4700	2749.2400	940.7200	5767.9000	8747.9600	2925.4100	23892.8400	
1294704000000.0000	2685.1700	3218.4700	1293.7700	357.5200	1469.1500	7358.0800	3492.0400	36826.9300	16698.0700	1835.4000	7443.9500	4954.0000	4754.9100	53351.0000	4023.2900	2855.7700	1369.3500	5731.3000	8701.2300	2996.2100	23313.1900	
1297814400000.0000	2787.3800	3169.7500	1355.6600	304.8000	1571.5600	7182.6100	3430.0500	36603.3000	16284.9800	1769.2900	6028.8200	4895.9000	4487.6800	60263.0000	3179.6300	3005.2800	1618.9800	6145.2000	8639.6100	2612.1900	19582.8800	
1324425600000.0000	1989.4200	2718.7200	1310.1300	307.5000	1517.5600	7502.9300	3295.6300	34042.2200	19182.8200	1754.7800	6141.3400	4271.0000	4120.8400	64620.0000	3242.8400	3002.7500	659.3400	6227.0000	10589.7600	2765.8900	21987.2900	
1305158400000.0000	1998.0700	3134.2900	1176.8000	333.1100	1472.1400	8975.5800	3421.3400	35555.8300	18211.5200	2089.4800	7164.0500	4626.2000	4618.0300	55030.0000	3823.7400	3182.6800	1355.0800	6472.4000	10842.8000	2743.4700	23684.1300	
1323129600000.0000	2142.1700	3188.4300	1343.8000	356.3800	1582.3500	8843.8400	3547.6400	35832.7900	16857.9100	2013.1400	6780.9700	4788.9000	4847.8700	53385.0000	3892.7100	3066.5200	679.0100	6495.5000	8944.4800	2431.3800	18501.7900	
1320019200000.0000	2886.7500	2885.6200	1345.2000	359.7100	1496.1500	7493.1200	3302.4700	34848.4200	18814.4800	1801.3500	7404.9500	4269.0000	4003.6300	53796.0000	4067.7200	2748.1800	808.5800	5323.1000	9965.0900	2365.3400	18011.0600	
1308268800000.0000	2978.4600	2749.0500	1224.5800	366.0800	1472.9200	8774.7200	3300.1700	33686.1600	15738.7000	2145.3000	7161.9300	4067.9000	3901.1300	70721.0000	3990.4100	3138.5100	1254.0200	6042.1000	8664.5800	2541.0900	19466.7900	
1300752000000.0000	2140.0000	2755.2500	1160.4000	276.6000	1470.9500	7110.7300	3287.5200	34644.9200	16488.2400	1867.2200	5537.4800	4235.7000	4158.6800	68067.0000	3087.6400	3159.9300	1611.2100	6554.7000	8640.4200	2827.7100	24238.9800	
1303862400000.0000	2803.4000	3193.5000	1177.6000	336.8600	1513.8400	6982.9000	3373.7100	38070.1900	17464.8500	1912.3900	7290.1400	4901.5000	4939.1100	51151.0000	3816.7500	2744.1700	1400.0600	5761.1000	9435.0100	2899.7900	23595.2400	
1299456000000.0000	1882.0900	3222.8900	1283.7600	349.4400	1534.9500	7598.4500	3412.7400	37522.3000	18350.7400	1898.0100	7293.6900	5026.1000	4445.9800	63891.0000	4006.9400	2708.1300	1585.8500	5608.6000	8741.9100	2526.0700	19330.7000	
1314316800000.0000	1936.2800	2738.1700	1343.0100	302.4100	1439.9400	8576.4000	3097.7800	32381.5500	19135.9600	2036.7800	5967.2000	4096.7000	4005.3900	57701.0000	3217.8900	2721.8100	880.0800	5328.5000	8535.6700	2812.8200	22770.4700	
1311206400000.0000	2889.3100	3202.6200	1172.5300	283.9800	1446.2600	9007.8700	3478.4900	36847.1000	16748.2900	2192.3600	5639.5800	4670.4000	4772.5400	57455.0000	3027.6500	3255.8700	1214.4200	6562.5000	-5.0000	2204.7800	18629.1700	
1306800000000.0000	2846.0500	2894.2400	1265.3300	281.5800	-5.0000	7359.4800	3215.5000	37041.4200	16501.7400	1838.9000	5681.0800	4192.1000	4197.0000	67533.0000	3139.5500	3086.9200	1309.4600	6717.3000	-5.0000	2329.8200	19107.8100	
1318550400000.0000	1961.2100	2884.6100	1234.3500	360.7900	-5.0000	-5.0000	3269.9500	36641.3100	-5.0000	-5.0000	7075.1100	4338.9000	4270.9600	66133.0000	3974.8300	2884.0000	775.5900	4997.9000	-5.0000	2504.1100	19733.7100	
1317254400000.0000	1968.7200	2890.6800	1237.9000	374.1900	-5.0000	-5.0000	3308.8900	36872.3800	-5.0000	-5.0000	7426.8100	4251.3000	4596.7100	55032.0000	4157.1400	2676.4700	802.5700	6245.8000	-5.0000	2946.7100	22915.2800	
1314144000000.0000	-5.0000	3121.8900	1309.6600	287.0500	-5.0000	-5.0000	3387.2500	36962.6200	-5.0000	-5.0000	5917.0800	4794.2000	4822.5000	55685.0000	3176.1900	2728.3100	892.9600	5893.9000	-5.0000	2911.5100	23720.8100	
1294876800000.0000	-5.0000	3223.5200	1363.6100	343.5000	-5.0000	-5.0000	3519.3300	35011.7100	-5.0000	-5.0000	7442.9600	4899.0000	4052.3900	-5.0000	4003.1100	2834.7500	1442.5200	5737.8000	-5.0000	2383.4900	18076.4600	
1297987200000.0000	-5.0000	2854.1300	1225.3800	307.7900	-5.0000	-5.0000	3279.1100	33792.5600	-5.0000	-5.0000	5878.9300	4249.5000	4010.9900	-5.0000	3102.0900	3043.0300	1715.1300	5611.0000	-5.0000	-5.0000	19030.5400	
1312848000000.0000	-5.0000	2718.1000	1162.2700	299.7900	-5.0000	-5.0000	3263.8100	-5.0000	-5.0000	-5.0000	5874.4400	4125.1000	-5.0000	-5.0000	3095.4900	3172.7300	1000.1300	6319.2000	-5.0000	-5.0000	-5.0000	
1309737600000.0000	-5.0000	-5.0000	-5.0000	298.2100	-5.0000	-5.0000	-5.0000	-5.0000	-5.0000	-5.0000	5965.6300	-5.0000	-5.0000	-5.0000	3110.5900	2724.6900	1306.4500	6539.7000	-5.0000	-5.0000	-5.0000	
1324598400000.0000	-5.0000	-5.0000	-5.0000	363.3900	-5.0000	-5.0000	-5.0000	-5.0000	-5.0000	-5.0000	6933.5800	-5.0000	-5.0000	-5.0000	3968.8400	2743.5800	665.0600	5682.5000	-5.0000	-5.0000	-5.0000	
1323302400000.0000	-5.0000	-5.0000	-5.0000	359.9400	-5.0000	-5.0000	-5.0000	-5.0000	-5.0000	-5.0000	7514.4600	-5.0000	-5.0000	-5.0000	4106.9200	-5.0000	677.3100	5303.1000	-5.0000	-5.0000	-5.0000	
1320192000000.0000	-5.0000	-5.0000	-5.0000	298.6800	-5.0000	-5.0000	-5.0000	-5.0000	-5.0000	-5.0000	5877.4100	-5.0000	-5.0000	-5.0000	3141.1000	-5.0000	745.6400	-5.0000	-5.0000	-5.0000	-5.0000	
1300924800000.0000	-5.0000	-5.0000	-5.0000	268.4800	-5.0000	-5.0000	-5.0000	-5.0000	-5.0000	-5.0000	5072.3300	-5.0000	-5.0000	-5.0000	2854.8100	-5.0000	1622.1500	-5.0000	-5.0000	-5.0000	-5.0000	
1304035200000.0000	-5.0000	-5.0000	-5.0000	-5.0000	-5.0000	-5.0000	-5.0000	-5.0000	-5.0000	-5.0000	-5.0000	-5.0000	-5.0000	-5.0000	-5.0000	-5.0000	1434.6500	-5.0000	-5.0000	-5.0000	-5.0000	
1318896000000.0000	-5.0000	-5.0000	-5.0000	-5.0000	-5.0000	-5.0000	-5.0000	-5.0000	-5.0000	-5.0000	-5.0000	-5.0000	-5.0000	-5.0000	-5.0000	-5.0000	738.0800	-5.0000	-5.0000	-5.0000	-5.0000	
1315785600000.0000	-5.0000	-5.0000	-5.0000	-5.0000	-5.0000	-5.0000	-5.0000	-5.0000	-5.0000	-5.0000	-5.0000	-5.0000	-5.0000	-5.0000	-5.0000	-5.0000	847.4800	-5.0000	-5.0000	-5.0000	-5.0000	
