null#
# M e s s w e r t t a b e l l e  der Reihen:
#
# ^ATX_Close [247,247] Werte
# ^FTLC_Close [253,253] Werte
# ^GSPC_Close [251,251] Werte
# ^AEX_Close [255,255] Werte
# ^KLSE_Close [249,249] Werte
# ^TWII_Close [243,243] Werte
# ^NZ50_Close [251,251] Werte
# ^MXX_Close [251,251] Werte
# ^BSESN_Close [249,249] Werte
# ^KS11_Close [246,246] Werte
# FDAX.EX_Close [253,253] Werte
# ^AORD_Close [256,256] Werte
# ^IPSA_Close [248,248] Werte
# ^BVSP_Close [245,245] Werte
# ^FCHI_Close [255,255] Werte
# ^STI_Close [250,250] Werte
# GD.AT_Close [252,252] Werte
# ^SSMI_Close [249,249] Werte
# ^N225_Close [245,245] Werte
# 000001.SS_Close [243,243] Werte
# ^HSI_Close [253,253] Werte
#
#
Y	Y	Y	Y	Y	Y	Y	Y	Y	Y	Y	Y	Y	Y	Y	Y	Y	Y	Y	Y	Y	Y	
1176336000000.0000	4672.6300	3391.9700	1447.8000	518.9100	1307.1900	8075.2000	4168.1000	29606.9700	13113.8100	1525.6100	7142.9500	6142.8000	3065.6300	47347.0000	5748.9400	3372.6900	4761.0800	9110.1000	17540.4200	3531.0300	20380.2100	
1179446400000.0000	4818.8200	3505.8600	1522.7500	536.6900	1356.8400	8034.1400	4280.4300	30676.3400	14303.4100	1612.2500	7607.5400	6319.7000	3257.2300	52078.0000	6101.1400	3512.4000	4886.8300	9424.7000	17399.5800	4030.2600	20904.8400	
1194307200000.0000	4703.1000	3393.4500	1520.2700	533.7000	1389.1100	9292.8000	4135.4300	30430.5000	19400.6700	2054.2400	7827.1900	6659.1000	3312.4000	64503.0000	5709.4200	3683.1000	5309.9200	8770.3000	16249.6300	5536.5700	29438.1300	
1191196800000.0000	4563.4200	3396.5600	1547.0400	545.5700	1347.0500	9488.5000	4281.1900	30855.6800	17328.6200	1962.6700	7922.4200	6579.8000	3295.9600	62340.0000	5773.2600	3755.2200	5134.6900	9022.5000	16845.9600	3173.0200	27142.4700	
1171929600000.0000	4573.7500	3376.3900	1459.6800	508.0200	1235.2400	7788.1400	4110.4800	28589.6600	14253.3800	1452.9600	6982.9100	5969.4000	3011.4300	44484.0000	5713.4500	3201.7500	4758.7900	9315.3000	17939.1200	2612.5400	19553.8700	
1175040000000.0000	4609.6900	3311.5500	1417.2300	505.1100	1225.7300	7783.1200	4109.8700	28098.2800	12884.3400	1439.7400	6816.8900	5913.3000	2890.4600	45286.0000	5552.6900	3223.3200	4604.0700	8870.6000	17254.7300	4345.3600	20455.6200	
1170633600000.0000	4563.9800	3326.2400	1446.9900	506.1900	1355.3800	9162.2800	4148.5800	30235.1700	14515.9000	1417.9500	6874.0600	5805.1000	2944.4700	52922.0000	5681.1100	3492.7000	4802.5300	9257.9000	17344.8000	4230.8200	22570.4100	
1185494400000.0000	4567.1100	3261.9400	1458.9500	526.6900	1387.9600	8851.9900	4246.0100	31830.8400	15234.5700	1883.2200	7451.6800	6127.3000	3292.2900	54657.0000	5643.9600	3639.4900	4901.2700	8705.6000	17283.8100	5161.9200	21954.6700	
1182384000000.0000	4903.1700	3460.0400	1522.1900	550.5400	1425.1300	8598.0300	4300.5700	31182.7500	14499.2400	1794.2400	7964.7100	6411.9000	3431.4700	65446.0000	6029.7900	3553.0800	4876.8700	9230.3000	18240.3000	5167.8800	28501.1000	
1197244800000.0000	4517.8400	3403.6400	1515.9600	516.8400	1273.9300	8771.2100	4057.4900	29744.0700	19930.6800	1906.4200	8033.3600	6686.1000	3252.1100	52858.0000	5750.9200	3321.1500	5154.0800	8885.3000	15924.3900	4323.9700	20318.9800	
1177977600000.0000	4513.4800	3394.1000	1486.3000	517.6700	1379.7300	9740.1300	4191.6600	31103.5300	15121.7400	1841.7000	7519.9400	6140.2000	3252.5200	56001.0000	5592.5300	3633.5400	4840.5300	8776.7000	17274.9800	2832.2100	23484.5400	
1188432000000.0000	4786.2800	3265.4400	1457.6400	546.8800	1147.7600	7840.0800	4107.6000	26213.3800	15699.3300	2004.2200	7692.5500	6138.0000	3348.0800	43428.0000	5837.1100	3072.8800	5067.7700	8922.7000	16153.8200	3670.4000	23362.1800	
1185321600000.0000	4394.1900	3387.8200	1518.0900	507.1200	1360.2700	8294.7900	4324.9700	32096.2100	14182.7100	1360.5600	6747.1700	6378.0000	2827.1400	60971.0000	5614.7000	3579.3500	4678.3100	9155.1000	17858.4200	5032.1300	20327.7200	
1169164800000.0000	4241.7900	3279.5700	1430.5000	545.6900	1353.5500	8342.2000	4091.1100	28710.8700	14495.7700	1772.8800	7976.7900	5652.1000	3114.0600	55883.0000	6125.8100	3325.8900	4917.6700	9487.5000	17310.4400	3853.0200	20729.5900	
1180915200000.0000	4936.9400	3513.2900	1539.1800	492.4700	1371.4500	9384.7300	4071.0000	31743.0200	18852.8700	1894.5300	7608.9600	6419.6000	3408.3000	53243.0000	5521.1700	3620.3200	4925.7800	8371.8000	17973.4200	5330.0200	26541.0900	
1195776000000.0000	4914.9300	3263.2800	1440.7000	554.9500	1366.9600	8937.5800	4236.8500	29289.7200	15009.8800	1737.5900	7964.7600	6392.4000	3319.4100	63562.0000	6019.2200	3754.6200	4971.6100	9248.4000	18252.6700	3183.9800	22885.8400	
1184025600000.0000	4659.5100	3480.6900	1510.1200	523.1700	1276.5200	9700.0700	4185.4200	31178.8400	19058.9300	1979.5600	7819.4700	6397.8000	3251.2300	60099.0000	5631.6300	3288.8500	5228.1900	8605.2000	15771.5700	5425.2100	28760.2200	
1194480000000.0000	4687.0900	3338.6300	1474.7700	540.5300	1246.8700	7884.4100	4327.8700	28676.4800	17847.0400	1465.4100	7955.3000	6568.5000	3293.4800	46452.0000	5806.1800	3231.2400	5147.8400	9088.7000	17199.8900	4820.0600	27479.9400	
1191369600000.0000	4569.4900	3421.5800	1539.5900	509.3300	1277.3300	8938.9600	4089.7700	28747.6900	14021.3100	1452.5500	6973.7300	6665.4000	2970.3400	45805.0000	5707.8600	3477.7500	4762.9200	9251.8000	18108.7900	2716.1800	20809.2300	
1172102400000.0000	4645.5000	3362.3000	1456.3800	510.5000	1296.4800	7920.8000	4107.1400	30603.4200	13072.1000	1838.6100	6917.0300	5991.1000	2929.0000	56666.0000	5634.1600	3380.6100	4643.1400	8977.0000	17287.6500	5095.5400	19800.9300	
1175212800000.0000	4457.0500	3334.5000	1420.8600	531.0000	1243.5700	7850.0600	4123.5200	29607.2000	15669.1200	1849.2600	7575.2100	5978.8000	3162.5500	52434.0000	5549.3500	3236.6000	4922.9800	8775.9000	15801.8000	3913.1400	24576.8500	
1190073600000.0000	4545.6300	3284.5300	1519.7800	513.2500	1423.7200	8490.8400	4070.1600	26664.4500	15017.2100	1435.2600	7474.3300	6208.0000	2689.1900	45383.0000	5569.2800	3549.2500	4677.7300	8687.5000	16800.0500	5667.3300	21891.1000	
1186963200000.0000	4558.9600	3271.6900	1452.9200	501.0000	1342.7900	7926.6600	4211.6100	28123.7600	13942.2400	1426.2900	6681.1300	6027.5000	2991.8300	44588.0000	5617.7100	3450.6400	4466.6200	9288.2000	17292.3200	2964.7900	20310.1800	
1167696000000.0000	4571.8100	3318.9200	1450.0200	509.0800	1352.3900	8300.7100	3999.5500	29752.9500	14643.1300	1927.4500	6915.5600	5645.9000	3090.6300	64742.0000	5703.0000	3491.5900	4729.9100	8852.3000	15932.2600	3612.4000	20679.6900	
1170806400000.0000	4497.7500	3353.4900	1486.5900	516.2000	1350.8100	9360.6300	4202.6700	31466.6000	20375.8700	1559.8600	8076.1200	5870.9000	3194.3500	50218.0000	5743.3200	3642.6400	5212.1600	9393.0000	17779.0900	3776.3200	28521.0600	
1197417600000.0000	4732.2600	3401.6900	1502.3900	536.1200	1200.0100	7684.0000	4183.4500	31969.4800	14078.2100	1727.2800	7476.6900	6675.4000	3288.5200	52330.0000	6004.2800	3158.9000	4769.2800	9150.7000	16438.4700	5261.5600	20681.5800	
1178150400000.0000	4766.9400	3452.8500	1507.6700	534.6900	1328.6300	8003.3100	4105.7200	26589.2000	14063.8100	1903.8100	7590.5000	6236.9000	3429.6800	61215.0000	5883.2900	3400.4100	4850.8300	8845.4000	17178.8400	3915.9900	20509.1500	
1181260800000.0000	4708.0200	3417.9600	1506.3300	541.4300	1372.3800	8506.2800	4193.5700	29559.5200	17613.9900	1436.0500	7794.9400	6258.4000	2857.4700	42749.0000	5661.2700	3563.7500	5119.7700	8829.1000	17667.3300	3596.4400	28373.6300	
1193011200000.0000	4444.5300	3379.6600	1377.9500	484.3800	1445.0300	9354.4100	4294.2100	31681.7600	12982.9800	1534.5800	6623.9900	6592.1000	3106.6300	48710.0000	5432.9400	3482.3000	4485.5600	9278.5000	17984.1400	4110.3800	19333.1400	
1173744000000.0000	4662.9300	3249.8700	1472.5000	531.2400	1366.0200	8314.6800	4041.3800	29536.8300	13672.1900	1909.7500	7282.3400	5844.0000	3372.6100	57613.0000	5835.9500	3624.5600	4805.3800	9277.5000	18040.9300	5470.0600	20777.0900	
1176854400000.0000	4918.1800	3405.7800	1517.3800	537.5100	1322.9100	8043.5400	4238.5400	32261.1000	14255.9300	1532.0400	7730.0500	6215.0000	3290.7800	52049.0000	5977.8700	3414.1500	4873.1300	9248.5000	17628.3000	4869.8800	20818.6100	
1181088000000.0000	4780.6100	3434.5400	1468.3600	515.7700	1367.5100	8188.6300	4170.7100	29718.6600	20286.9900	1642.8800	8067.3200	6367.4000	3094.0700	48921.0000	5614.0800	3539.8200	5178.8300	9269.9000	17680.0500	2715.7200	27812.6500	
1199059200000.0000	4742.0400	3355.9800	1547.7000	560.1400	1372.3900	9617.2600	4289.5900	30802.2500	15092.0400	1996.0300	8053.4300	6421.0000	3115.4000	52208.0000	6103.0500	3822.6200	5020.7300	9361.1000	17065.0400	2730.3900	22809.0200	
1184198400000.0000	4825.2500	3513.9300	1468.3300	532.0900	1308.6700	8983.0300	4284.0500	31540.9400	13695.5800	1908.9700	7338.0600	6400.1000	3361.1000	62319.0000	5861.9700	3552.4600	4865.9700	9075.3000	16413.7900	4471.0300	20757.5300	
1176681600000.0000	4843.8900	3441.9100	1524.1200	540.5700	1251.8200	8593.0400	4206.8800	30485.7500	14453.7200	1397.2900	7659.3900	6183.6000	3214.6700	56906.0000	6089.7200	3273.2500	4892.2800	8896.7000	16475.6100	3941.0800	20843.9200	
1179792000000.0000	4592.5400	3489.3500	1557.5900	546.6000	1118.1800	7934.5100	4004.4600	28140.7300	17773.3600	1427.6800	8002.1800	6350.2000	2738.9900	49285.0000	5843.2400	3023.8000	5198.8000	8661.6000	17353.6700	5007.9100	27831.5200	
1191542400000.0000	4515.1700	3450.0600	1518.7500	542.4500	1240.8700	7859.5300	4028.9600	26566.2800	16347.9500	1933.2700	7735.0900	6617.3000	3019.6300	44020.0000	5688.7600	3220.8900	4972.3400	8925.2000	17504.3300	5003.3300	25701.1300	
1190246400000.0000	4554.4400	3358.9900	1406.7000	506.0400	1373.7100	9287.2500	4188.8900	27906.8900	13871.7100	1757.7300	7445.9000	6400.9000	3340.4300	44284.0000	5442.7200	3547.6600	4536.6900	9292.1000	17248.8900	5843.1100	21375.7200	
1187136000000.0000	4685.2400	3210.4100	1418.3400	500.3300	1377.1300	8939.1900	4213.3000	30659.6600	14538.9000	1895.0500	6674.4000	5801.5000	3445.4400	54183.0000	5574.5600	3580.3300	4688.5400	8885.0000	18087.4800	2951.7000	20025.5800	
1167868800000.0000	4834.2500	3305.2600	1438.0600	507.3000	1403.4100	8118.0800	4270.9100	31296.0100	15550.9900	1877.5600	6911.1100	5563.9000	3031.5300	54042.0000	5692.4500	3466.3800	4917.5000	9141.2000	15514.5100	3584.2000	20677.6600	
1170979200000.0000	4448.2800	3360.3900	1455.2700	533.9900	1374.3200	8447.0300	4008.6600	29994.9000	14487.7200	1933.3600	7584.1400	5899.3000	3175.9900	62445.0000	5751.0800	3478.2200	4815.1000	8675.9000	15513.7400	5715.8900	23184.9400	
1185840000000.0000	4403.9800	3342.2500	1497.7400	548.2200	1359.8300	9442.6200	4066.5400	29399.9200	20030.8300	1426.9300	7930.6100	6187.5000	3464.8700	62156.0000	6002.8500	3649.1200	5097.5100	8734.5000	16358.3900	5321.0600	21822.3500	
1182729600000.0000	4742.2600	3454.9000	1467.9500	511.2800	1180.3100	7695.9600	4291.0500	32048.1800	19003.2600	1533.0800	7948.3600	6358.6000	2900.0300	62625.0000	5605.3600	3094.6000	4973.5900	8851.0000	16860.3900	2949.1400	27563.6400	
1197590400000.0000	4429.4600	3318.7300	1469.7200	501.9100	1315.3700	7942.6700	4054.2100	26883.5300	18512.9100	2014.1300	7765.1900	6556.1000	3150.5100	43278.0000	5598.1100	3360.6700	5214.1700	8706.8000	17452.6200	2881.0700	28482.5400	
1196294400000.0000	4717.3600	3308.0700	1515.8800	543.3400	1369.3900	9639.8300	4182.9000	29832.4800	12543.8500	1881.8100	7828.9600	6507.2000	3405.1400	49408.0000	5674.6700	3865.7500	4449.6400	9399.8000	17159.9000	4861.1100	29333.5300	
1193184000000.0000	4786.0300	3394.1800	1392.2800	483.3900	1284.1400	8979.9600	4280.2400	31801.6900	13897.4100	1363.0900	6585.4700	6652.1000	3326.5700	63549.0000	5389.8500	3386.2200	4844.6800	9137.8000	16524.9300	4151.1300	18969.4400	
1173916800000.0000	4583.8700	3235.5700	1484.3500	536.3600	1169.1200	7852.3600	4125.7600	30797.6000	18280.2400	1417.3400	7342.5400	5831.8000	2850.2800	54833.0000	5938.9000	3132.9000	5247.3400	8877.8000	17408.5700	5187.7300	20566.5900	
1177027200000.0000	4434.5800	3423.6300	1565.1500	550.7200	1196.4500	8375.7600	4131.1300	26810.0000	15422.0500	1859.7900	7980.4400	6187.2000	2811.6200	44177.0000	5861.9300	3104.1500	4904.5800	9105.5000	17604.1200	3040.6000	28228.0400	
1191888000000.0000	4335.4800	3460.4500	1427.9900	525.3600	1364.9900	8216.4100	4037.1300	26638.9500	14041.2400	1923.4200	7648.5800	6687.7000	3056.8600	43892.0000	5651.2700	3372.6400	4634.2000	8789.7000	15222.8500	3291.3000	23904.0900	
1188777600000.0000	4208.4900	3322.9300	1406.8200	502.8200	1340.9800	8670.6100	4104.0600	28124.6500	12938.0900	1470.0300	6678.9300	6272.5000	3153.9400	59432.0000	5575.0700	3530.2600	4503.9600	8431.1000	17696.9700	4656.5700	20769.7000	
1169510400000.0000	4867.7700	3272.3800	1428.2300	490.2100	1382.3500	7900.2000	4333.2400	30338.5800	19127.7300	1463.7500	6715.4400	5714.1000	3200.4300	50531.0000	5516.3200	3511.1200	4864.6200	9357.0000	15197.0900	4407.7300	19651.5100	
1172620800000.0000	4569.8800	3246.4800	1507.5100	492.2400	1272.8700	7932.9100	4089.1300	28185.9000	14218.1100	1638.0700	7531.3500	5816.5000	2872.4100	61527.0000	5434.1700	3307.9200	4936.1400	8442.0000	18215.3500	4078.6000	27210.2100	
1196121600000.0000	4598.5600	3198.4600	1439.1800	535.9900	1256.8200	8090.2900	4110.6100	28046.1600	18737.2700	1853.0700	7697.3800	6493.6000	2967.1800	46207.0000	6048.3100	3288.3600	5124.9700	9223.0000	17244.0500	4072.1400	20798.9700	
1179964800000.0000	4689.9300	3468.9300	1449.3700	508.3200	1191.5500	8950.5700	4175.2900	29348.0900	13649.5200	1733.1000	7806.8400	6298.6000	3033.5500	46288.0000	5535.5600	3130.7100	4757.7700	9054.0000	15273.6800	5589.6300	27665.7300	
1194825600000.0000	4283.0500	3312.9600	1437.7700	511.1700	1333.2800	8844.2200	3894.3400	28510.6600	12624.5800	1584.4600	7027.5900	6523.3000	3329.1200	48559.0000	5762.5400	3435.4600	4649.5300	8543.0000	16984.1100	5913.2300	20507.9500	
1172448000000.0000	4674.6300	3387.5000	1445.9400	516.0400	1357.4300	8115.2700	4138.2000	30394.8100	14141.5200	1729.8800	7045.5600	6021.9000	3427.0900	54691.0000	5711.9100	3505.5000	4678.2300	8775.7000	17849.2800	5310.7200	20002.7000	
1175558400000.0000	4764.0300	3369.1400	1472.2000	499.0000	1365.2800	8370.2600	4203.2700	30804.2100	14985.7000	2028.0600	7378.2900	5997.6000	3255.0700	54143.0000	5363.6300	3477.5900	4892.5100	9025.8000	17669.8300	2857.3600	20387.1300	
1187308800000.0000	4723.6900	3181.3200	1506.3400	527.7600	1360.5800	9631.5100	4202.5800	29776.5700	14431.0600	2058.8500	7534.1300	5670.3000	3308.7700	50282.0000	5682.0700	3561.5400	4755.9700	9455.5000	17760.9100	2831.5300	22443.2500	
1186012800000.0000	4798.2000	3310.8900	1509.4800	539.6200	1398.3500	9697.6700	4227.5600	31608.5900	13879.2500	1865.5900	7801.2300	6050.3000	3496.1800	51797.0000	5941.6700	3771.5500	4820.0600	9181.0000	16505.6300	4955.2100	21705.5600	
1182902400000.0000	4832.6200	3419.5700	1493.0000	540.0300	1383.6100	8913.8500	4226.7100	32136.7600	14130.9500	1382.3600	7525.6900	6216.6000	3393.9300	64276.0000	6071.4800	3875.7700	4841.8600	8962.9000	17458.9800	3821.9200	20896.6400	
1178496000000.0000	4580.4900	3424.7300	1535.2800	534.1100	1297.9300	7923.7700	4296.6100	31980.9500	19243.1700	1414.4700	7678.2600	6329.4000	3286.3100	62456.0000	5898.1600	3445.0800	5273.6400	9218.3000	16158.4500	2825.5800	20636.3900	
1181606400000.0000	4492.6200	3484.6000	1554.4100	547.1600	1179.6600	7670.7700	4155.0000	30809.5500	18814.0700	1736.1800	7949.1700	6267.7000	2868.1800	54408.0000	5794.8700	3108.6300	5270.3200	8843.1000	17458.3000	5412.6900	30405.2200	
1193356800000.0000	4346.4600	3517.8300	1472.2900	558.0100	1164.6800	8479.0800	4135.5600	26899.3400	15446.1500	1949.5100	8033.6900	6716.4000	2832.3300	42370.0000	5862.8300	3078.7400	4858.2700	9134.1000	17217.9300	3319.1400	29133.0200	
1192060800000.0000	4323.7100	3300.4600	1423.9000	523.0200	1231.4800	9417.3200	4098.6900	26321.1200	14282.7200	1355.7900	7588.0300	6779.6000	3136.0100	49815.0000	5551.5500	3228.6600	4699.7500	8798.7000	15901.3400	5485.0100	24069.1700	
1188950400000.0000	4925.0700	3294.0200	1387.1700	503.0300	1381.5100	7698.5200	4027.7900	28568.4300	12886.1300	1972.5800	6719.5800	6274.3000	2690.9300	57374.0000	5609.2000	3653.2300	4376.3000	8603.2000	16942.4000	2707.2000	20669.8300	
1169683200000.0000	4307.0700	3220.2300	1447.1200	480.2000	1113.1900	8942.9300	4240.3600	32265.9300	13989.1100	1482.0400	6603.3200	5753.3000	3285.3400	42336.0000	5424.7000	2961.1500	4682.5000	9299.8000	15499.5600	2831.8700	19442.0100	
1172793600000.0000	4500.3500	3189.0400	1549.5200	505.6100	1384.5800	7736.7100	4064.0800	25885.8000	15311.2200	1370.8100	7424.7500	5775.2000	2996.0900	64631.0000	5418.7800	3524.9100	5093.7500	8861.6000	17491.4200	3820.7000	21729.3500	
1187654400000.0000	4683.8700	3518.7000	1414.8500	561.9000	1277.4800	7736.8300	4140.6500	29655.6800	13362.1600	1418.4400	8105.6900	5978.6000	3191.2200	46647.0000	6125.6000	3345.8600	4507.4400	8631.0000	17621.4500	4836.1700	22953.9400	
1184544000000.0000	4595.5900	3241.8100	1470.5800	492.4900	1317.2400	8883.2100	4184.7000	30543.4500	19929.0600	1743.6000	6566.5600	6418.4000	2719.8400	58719.0000	5501.9500	3639.0200	5177.0900	9099.1000	18138.3600	4013.0800	19568.3400	
1168387200000.0000	4381.5000	3362.8500	1443.7600	512.3200	1113.0200	7807.3900	4232.6700	26281.6400	12856.0800	1861.4700	7783.1100	5502.1000	3050.2100	42830.0000	5613.6000	3000.0000	4693.4400	8906.1000	15207.8600	4115.2100	29166.0100	
1194998400000.0000	4535.6900	3384.4300	1517.7300	519.2900	1234.3100	8052.7000	4028.5900	28262.6500	16845.8300	1593.4200	7099.9100	6650.0000	3470.1800	45197.0000	5741.3800	3149.1600	5024.8500	8850.3000	17748.1200	4868.6100	26551.9400	
1175731200000.0000	4869.2600	3376.7100	1412.8400	541.6300	1354.3800	8450.7200	4184.8400	31151.0500	13652.1500	1769.1800	7787.9200	6063.4000	2943.3900	54392.0000	5692.4900	3548.2000	4602.3300	9240.0000	17842.2900	3014.4400	20029.6600	
1190592000000.0000	4430.7500	3259.8600	1444.2600	492.8100	1385.4500	8583.8400	4234.2900	29254.9800	14090.9800	1902.4300	6607.5900	6461.1000	3253.1800	61096.0000	5518.5900	3369.3100	4647.4900	9209.4000	15628.9700	3720.5300	20132.2500	
1168214400000.0000	4724.2200	3357.7900	1503.3500	506.6600	1350.8400	7737.4600	3926.1200	29992.8300	14650.5100	1443.3900	6895.3400	5484.5000	3371.8100	51300.0000	5682.6900	3452.7200	4843.7800	8467.1000	17009.5500	5277.1800	21772.7300	
1171324800000.0000	4907.4000	3461.4600	1454.9800	548.2100	1357.1800	8045.0100	4232.3300	32114.0900	19079.6400	1556.7100	8007.3200	5907.3000	3194.9700	53713.0000	6054.9300	3573.4300	5020.1900	9427.7000	17451.7700	5032.4900	26732.8700	
1183075200000.0000	4464.9300	3256.1900	1512.5800	502.7200	1419.3400	9018.0800	4193.6700	29968.5300	13781.5100	1884.9000	7850.7400	6310.6000	2958.6500	63200.0000	5509.3700	3521.5600	4743.9200	9292.3000	16122.1600	3930.0600	20844.7800	
1197936000000.0000	4506.9000	3458.6300	1522.9700	534.3000	1192.2200	8732.8400	4060.0100	29544.1800	14203.7200	1799.7200	7475.9900	6292.6000	3114.5600	43713.0000	6051.6300	3113.3900	4859.0000	8706.2000	16316.3200	2668.1100	20867.2600	
1178668800000.0000	4720.4600	3492.6400	1472.4200	545.3400	1317.5000	9485.3500	4050.3100	30252.7700	19603.4100	1930.7000	7849.1600	6338.0000	3200.8500	49071.0000	6047.2300	3374.5200	5053.2200	8841.7000	18015.5800	4272.1100	28658.4200	
1181779200000.0000	4487.0900	3320.3300	1402.0600	502.8800	1304.9000	7761.7100	4163.1100	29459.8200	12644.9900	1388.3700	7837.2600	6288.4000	3206.7900	51848.0000	5629.4600	3488.9700	4553.0500	9392.4000	17057.0100	5316.2700	19266.7400	
1196640000000.0000	4484.2600	3270.4100	1480.4100	492.4400	1283.6200	8156.8200	4151.9800	31886.7400	14136.7200	1657.9100	6671.4100	6597.2000	3389.6200	57556.0000	5458.9500	3370.9100	4791.1000	8676.1000	17587.5900	3899.7200	20572.8000	
1174262400000.0000	4830.1700	3394.3700	1453.5500	532.5600	1369.2300	8764.8200	4089.1200	26324.3800	15590.4200	1926.2000	7270.3200	5839.2000	2741.0800	43095.0000	5886.0300	3583.9700	4819.3200	8738.5000	15154.6100	5338.5200	23982.6100	
1177372800000.0000	4397.0400	3256.4900	1462.5000	517.4300	1119.3300	8996.2000	4255.6400	30928.4300	14163.9800	1805.5000	7436.6300	6173.3000	3241.2300	52120.0000	5430.1000	3009.0900	4800.6300	9074.1000	18149.9000	2993.0100	22966.9700	
1189123200000.0000	4411.1400	3251.9900	1546.1700	514.7500	1345.9900	9257.4700	4051.8400	29631.5700	15301.1700	1443.6300	7511.9600	6296.5000	3236.2800	64609.0000	5523.3300	3513.3700	5086.9200	9032.8000	16435.7400	4628.1100	22841.9200	
1187827200000.0000	4905.0200	3451.8600	1430.7300	555.6300	1386.6400	8941.7300	4304.4100	32117.8300	14056.5300	1855.0500	7893.6100	6149.7000	3499.5000	55700.0000	5995.9700	3440.9600	4615.4700	8478.8000	17897.2300	5043.5400	19613.4100	
1184716800000.0000	4532.2300	3277.8900	1458.7400	502.8400	1373.1400	7857.0800	4114.1800	30303.1800	14397.8900	1844.3700	6705.1700	6367.2000	3190.7300	59715.0000	5617.6200	3569.4300	5096.0400	9240.3000	16914.4600	4021.6800	20529.7600	
1168560000000.0000	4596.7100	3286.4800	1524.8700	537.5600	1320.8900	8031.5400	4233.7400	28498.7500	19698.3600	1603.5600	7612.2600	5611.9000	3094.6100	45955.0000	6071.4700	3650.0900	4880.5200	8859.7000	15031.6000	5042.6500	27614.4300	
1180310400000.0000	4552.3400	3485.3400	1525.4200	500.0800	1258.6300	8676.9500	4275.9700	29721.6300	14806.5100	1938.2000	8050.6800	6275.0000	3251.4500	53091.0000	5523.6300	3252.4900	5103.4700	9305.4000	17553.7200	5897.1900	22151.1400	
1195171200000.0000	4423.9000	3355.4300	1456.8100	553.0400	1290.9000	9757.9300	4192.6700	29148.4500	16921.3900	2052.3700	7804.1500	6526.1000	3031.5000	61716.0000	6069.8400	3308.9900	4732.7600	8639.9000	15608.8800	3057.3800	26430.2900	
1183420800000.0000	4667.7100	3385.2000	1467.6700	539.3700	1351.4500	7757.0300	4075.1900	30058.7500	14355.5500	1442.8500	6958.6200	6333.8000	3247.2700	50902.0000	5690.7700	3446.9200	4778.5600	8402.8000	16651.0100	3783.0600	20538.4200	
1190764800000.0000	4448.9900	3250.8900	1460.1200	507.7700	1427.7700	8000.0400	3947.5600	30761.6400	14903.0300	1553.1300	7444.4500	6491.4000	3212.6000	64928.0000	5720.8800	3560.0500	5056.6400	9408.3000	17429.1700	6030.0900	21936.7300	
1171497600000.0000	4835.0200	3294.9300	1505.8500	516.0400	1412.7900	9518.4500	4226.3900	31783.6200	19162.5700	2035.3900	7869.1900	5969.1000	3478.0200	64383.0000	5532.9900	3798.4500	4741.5700	8758.2000	17358.1500	2945.2600	27017.0900	
1186358400000.0000	4540.9200	3464.7900	1485.0100	506.7900	1209.3400	7751.7900	4034.5500	28219.5500	13796.1600	1363.1000	7479.3400	5949.5000	2977.1300	45631.0000	5511.4500	3155.6900	5090.9700	8939.2000	17470.4600	2840.1800	20468.2100	
1198108800000.0000	4823.7400	3366.4200	1531.0200	531.2000	1177.5300	7451.0600	4219.7700	29342.7000	19738.0700	1402.9300	7944.7700	6244.8000	3146.2700	49068.0000	6050.6300	3406.8900	5310.8800	8942.2000	16844.5000	4058.8500	29345.4500	
1178841600000.0000	4811.8500	3482.2300	1435.0400	507.8000	1130.9600	9585.9000	4052.5100	32335.8600	19783.5100	1983.5400	7977.9400	6297.3000	3414.6700	62969.0000	5659.0700	3862.0200	4578.2300	9481.3000	18157.9300	4053.0900	31638.2200	
1196812800000.0000	4462.2900	3308.2500	1494.2500	545.2500	1382.3600	8147.3400	4174.9000	26834.0500	12945.8800	1662.7200	6712.0600	6568.4000	2824.2400	43573.0000	5803.9300	3128.9100	4854.7100	9179.5000	17588.2600	5234.2600	19516.4100	
1193702400000.0000	4312.5100	3417.6500	1548.7100	500.8900	1339.1800	8135.4800	4325.0900	26355.6400	14228.8800	1919.4700	7387.0200	6772.5000	2854.8100	43218.0000	5502.1800	3036.5200	5281.8500	9110.8000	18221.4800	3615.8700	20667.2900	
1174435200000.0000	4834.2300	3474.0200	1420.6200	534.0400	1423.2400	9148.7800	4136.3400	31922.6200	19058.6700	1847.7900	7969.4700	5846.3000	3366.3900	57443.0000	5944.4400	3651.3800	4695.0400	8775.6000	17743.7600	3398.9500	29540.7800	
1177545600000.0000	4823.8000	3277.9600	1395.4100	553.0700	1369.3000	8056.5600	4033.3600	31380.0000	14211.9600	1501.0600	6726.0100	6197.8000	3260.8700	52528.0000	5807.4400	3511.1300	4406.5500	9105.5000	17512.9800	3899.1800	20236.6800	
1192406400000.0000	4933.5700	3228.6800	1534.1000	500.3100	1298.3600	7975.0300	4320.2700	29853.7700	12697.0900	1589.3700	6595.0000	6751.6000	3079.9700	55932.0000	5619.7000	3434.5300	5058.8600	9382.8000	16785.6900	5552.3000	19058.5600	
1170028800000.0000	4717.5100	3464.0900	1530.2300	478.1600	1346.1000	9411.9500	4279.6200	32177.8300	15565.5500	1946.4800	7874.8500	5744.0000	3455.3800	46855.0000	5437.1300	3551.6800	4914.9000	9219.4000	17029.2800	4663.1600	23291.9000	
1173139200000.0000	4527.3000	3480.6200	1496.4500	555.0200	1336.3000	9099.4600	4058.7100	29632.2000	14411.3800	1903.4100	7764.9700	5749.9000	3019.6100	50518.0000	5957.1600	3400.0000	5108.8200	9391.0000	18149.5200	4253.3500	20293.7600	
1184889600000.0000	4661.1700	3363.1400	1525.4000	535.0100	1307.1700	8722.3800	4236.7100	29619.9100	19854.1200	1806.8800	7987.1300	6456.7000	3175.0900	60465.0000	6042.1500	3475.0800	4954.1300	8933.5000	15956.3700	5091.7600	28128.8000	
1180483200000.0000	4945.3400	3485.7200	1444.6100	516.1900	1372.2800	9598.2300	4214.7800	30296.1900	14861.8900	1934.3200	7505.3500	6271.7000	3249.0000	55241.0000	5614.2800	3706.2300	4850.4000	8964.2000	16870.4000	5914.2900	22252.9900	
1198454400000.0000	4515.3900	3468.6800	1501.1900	550.8000	1434.0400	7859.3200	4268.9000	30661.8700	13177.7400	2063.1400	7861.5100	6388.0000	3289.4600	54730.0000	6059.5300	3413.1700	5123.3600	9365.7000	17480.6100	3074.2900	20868.1500	
1183593600000.0000	4654.8200	3376.9600	1526.7500	531.3900	1409.1600	9562.1600	4116.8500	32218.1700	13929.3300	1447.3800	7605.9400	6392.2000	3362.5400	65639.0000	6049.7600	3623.7900	4836.7600	8799.7000	16955.3100	6036.2800	27142.4700	
1176076800000.0000	4844.3600	3362.5000	1497.4900	540.9800	1235.6500	9003.1200	4303.1800	31268.3600	17291.1000	1983.9400	8036.1200	6063.4000	3294.4000	64050.0000	5715.6900	3557.9500	4909.4800	8891.5000	15877.6700	5113.9700	22536.6700	
1179187200000.0000	4499.5200	3522.6700	1531.0500	530.9800	1374.3900	7699.6400	4092.9300	30806.3000	15307.9800	1847.3600	7994.0700	6297.3000	2954.3500	45533.0000	5749.2900	3803.5600	5133.3100	9089.8000	17383.4200	2786.3300	21582.8900	
1190937600000.0000	4522.0100	3399.0700	1504.6600	551.2700	1286.3300	7573.8700	4207.8800	28272.0300	14080.1400	1360.2300	7880.8500	6580.9000	3406.2800	63194.0000	6087.1500	3205.8200	5264.7100	9071.8000	17090.3100	2928.0100	28842.4700	
1186531200000.0000	4498.9500	3451.5600	1508.4400	513.5900	1189.3500	8718.3100	4064.0500	32721.8200	19966.0000	1423.8900	6899.0600	6124.7000	3154.5500	53921.0000	5718.7500	3839.7300	4678.0100	8717.2000	16301.3900	5150.1200	31492.8800	
1182124800000.0000	4535.9900	3349.0500	1436.1100	540.9200	1187.0600	7792.0800	4321.8400	30191.1400	19724.3500	1803.0300	7985.4100	6365.3000	2895.2800	44642.0000	5730.9200	3494.5700	5226.6200	9135.1000	17202.4600	2821.0200	19692.6400	
1196985600000.0000	4381.7500	3493.1400	1541.2400	513.8400	1278.2700	8249.9000	4160.1600	27561.4900	13285.9300	1389.7100	7457.9000	6714.0000	2870.0200	43466.0000	5634.7500	3125.5600	4838.5100	8955.7000	17958.8800	4000.7400	29298.7100	
1193875200000.0000	4916.9400	3301.1200	1471.4900	554.5500	1132.6100	8156.3900	4152.9800	26773.7900	18715.8200	1906.7200	6789.1100	6853.6000	3270.3000	53078.0000	5818.8000	3122.4900	4710.2400	8846.2000	15653.5400	5233.3500	23952.2400	
1174608000000.0000	4322.2800	3261.3600	1438.2400	521.5300	1360.0700	8680.8600	4069.4100	30275.8400	15542.7700	1872.2400	6713.2300	5933.1000	2765.1800	42624.0000	5478.9400	3388.4400	4533.3500	9073.0000	15211.5200	5293.7000	20106.4200	
1192579200000.0000	4733.0700	3284.1300	1401.8900	499.8100	1424.0200	8084.4500	4084.4400	26480.3300	14090.9200	1716.2400	7485.9900	6696.1000	3077.2500	64288.0000	5608.3100	3038.2100	4813.9100	9531.5000	17670.0700	3495.2200	19175.1700	
1189468800000.0000	4691.5800	3268.0400	1466.7900	489.0300	1371.7000	8037.9600	4067.1400	31946.4000	13049.3500	1513.4200	6716.8200	6248.6000	3114.6700	53423.0000	5524.2600	3548.3200	4612.5900	8339.0000	17498.6000	4048.2900	23577.7300	
1170201600000.0000	4611.7800	3521.5800	1431.9000	518.1200	1306.2200	9308.6000	4296.4300	30002.4600	14842.3800	1615.5800	7987.8500	5757.7000	3304.5700	46939.0000	5590.5400	3473.2100	4973.2100	9136.1000	16268.9200	5634.4500	20027.9500	
1173312000000.0000	4642.9700	3245.9600	1536.3400	504.8100	1359.3700	7845.1700	4067.3000	29050.5200	14114.7300	2015.7600	7630.3100	5799.6000	3040.7800	51631.0000	5591.5400	3438.2700	4960.3100	8707.8000	17940.0900	3138.8300	20602.8700	
1188172800000.0000	4434.6800	3393.2800	1497.6600	543.9300	1384.7300	8931.3100	4147.3600	29278.7500	14570.7500	1453.2300	7152.8300	6184.9000	3216.1900	62960.0000	6168.1500	3420.6200	4783.6900	9345.6000	17365.0500	4749.3700	27771.2100	
1168905600000.0000	4956.2500	3475.6800	1439.7000	493.8400	1247.1700	8755.8800	4275.5700	30478.3700	20192.5200	1828.4900	7499.5000	5650.4000	3318.4200	45207.0000	5506.6800	3525.5100	4864.6600	8966.3000	16764.0900	4181.3200	20449.4300	
1180656000000.0000	4738.5100	3386.5100	1438.8700	522.1000	1287.7000	7875.4200	4141.2000	30157.6900	19280.8000	1783.7900	7807.5500	6363.4000	3081.5600	52638.0000	5751.9200	3670.1800	5246.5600	8565.5000	18211.6800	3841.2700	20994.6100	
1195516800000.0000	4796.4800	3392.9100	1512.7500	531.5300	1386.2700	9611.7200	4140.2200	28590.1700	13183.2400	1542.2400	6987.0800	6490.2000	2918.8500	54029.0000	6027.0000	3234.1100	4644.1000	9347.3000	16814.3700	5818.0500	28942.3200	
1176249600000.0000	4512.3800	3325.5100	1502.1700	534.0200	1322.2500	8927.4200	4127.2800	28124.3300	14299.7100	1970.1000	6858.3400	6136.1000	3192.8400	48956.0000	5684.6200	3359.1800	4635.1700	9428.3000	15821.1900	5273.5900	20567.9100	
1179360000000.0000	4560.1900	3178.6700	1428.6100	509.2200	1370.1700	7777.0300	4109.8400	29420.4700	19590.7800	1848.0200	7343.2600	6370.1000	3390.1900	60894.0000	5739.9000	3628.6700	4898.9300	8937.2000	17547.1100	2673.2100	19706.7900	
1194220800000.0000	4483.0900	3491.8000	1453.6400	508.2100	1284.0200	8643.3200	4323.1700	31550.7600	14402.9000	1413.1400	8090.4900	6620.1000	3161.2200	54908.0000	5587.0600	3361.2900	4736.8300	8878.0000	16012.8300	5109.4300	21792.7100	
1171843200000.0000	4820.2600	3408.1200	1512.8400	502.0400	1209.4800	9744.0600	4194.6400	28996.7100	14868.2500	1826.1900	7408.8700	5969.3000	3414.0200	44998.0000	5448.6300	3747.9800	5190.3200	9260.5000	18002.0300	4210.3300	21684.6700	
1174953600000.0000	4356.7900	3415.6800	1482.3700	552.1400	1263.7000	7895.1800	4316.3100	31823.4000	14411.9500	1992.2600	7884.1200	5952.3000	3133.5600	52735.0000	6093.2900	3504.4000	4846.0800	8727.8000	17370.9300	2756.9800	20318.9800	
1186704000000.0000	4512.9800	3336.6800	1500.6300	530.8100	1392.1800	8396.9500	4142.4300	30302.2300	13872.3700	1383.2100	7535.9700	5965.2000	2951.5500	55795.0000	5960.0400	3217.6800	4779.7100	9047.7000	15307.7800	5261.5600	29465.0500	
1182297600000.0000	4178.8300	3320.2900	1483.9500	551.0500	1147.6600	8499.3700	4144.4000	27933.0700	17559.9800	1897.1300	6885.7600	6421.0000	3238.6700	42478.0000	5740.4800	3334.6600	4812.6100	9099.3000	14888.7700	4984.1600	24537.0200	
1177891200000.0000	4981.8700	3220.6900	1448.3900	530.9600	1447.0400	9369.8400	4084.1700	29710.7800	15614.4400	1799.0200	7439.1800	6158.3000	3378.2900	63886.0000	5565.9700	3665.1300	5045.7700	8484.5000	18261.9800	3883.2200	20563.6800	
1192752000000.0000	4720.0300	3415.0500	1463.7600	506.7800	1344.1600	8002.3000	4321.2900	31462.1500	14403.7700	1883.5900	7806.7900	6723.3000	2808.5500	60653.0000	5677.3000	3061.6500	4675.5400	8227.1000	17363.9500	3518.2700	23020.6000	
1189641600000.0000	4644.4000	3265.5700	1511.0400	510.7900	1378.6900	9300.2200	4096.3400	26112.8700	14993.0400	1520.7800	6689.6200	6244.6000	3051.8300	47926.0000	5520.0200	3445.8200	5152.1600	9296.4000	16096.6800	5601.7800	23472.8800	
1170374400000.0000	4637.9100	3364.6800	1426.3700	551.5900	1308.2000	9623.2500	4036.0000	29700.1900	15794.9200	2043.1900	8067.3200	5814.4000	3085.2700	63501.0000	5907.4700	3312.8800	4824.9300	9177.5000	17046.7800	3197.5400	20277.5100	
1188345600000.0000	4533.9300	3206.0500	1478.4900	505.5300	1413.8500	7848.3300	4054.2200	28520.1600	14217.7500	2014.0900	7562.1000	6101.4000	3436.0700	62017.0000	5555.0400	3626.7200	5036.6900	8703.2000	17913.2100	5421.3900	27370.6000	
1185235200000.0000	4640.3100	3522.8500	1531.8500	515.6900	1368.7200	8899.9100	4238.6500	32088.2500	20206.9500	1451.3800	8077.3900	6455.5000	3083.8900	46090.0000	5627.2500	3373.5900	4808.4600	9074.0000	17263.9400	2675.7000	26004.9200	
1169078400000.0000	4400.5500	3413.8800	1452.8500	484.9300	1278.2200	7875.7500	4164.3000	29762.2200	18526.3200	1450.9500	7212.0700	5650.8000	3261.3300	45355.0000	5416.1000	3673.0100	5305.7900	9207.1000	17406.8600	4091.4500	22817.4300	
1198800000000.0000	4556.1900	3344.5100	1475.6200	557.4300	1235.8900	8846.3900	4205.5800	29582.2100	15045.7300	1871.6800	7799.6200	6423.7000	3333.3300	54341.0000	6104.6600	3793.8300	5140.3200	8977.5000	18188.6300	5175.0800	20340.9700	
1195689600000.0000	4906.9300	3400.4100	1546.6300	523.6800	1278.3400	8638.3300	4332.2900	31451.7900	13384.0800	1428.5800	7946.7900	6395.1000	2925.5100	45352.0000	5789.3400	3293.6100	4706.9800	8685.8000	16044.7200	3890.8000	29708.9300	
1183939200000.0000	4499.6800	3349.8000	1457.6300	530.2700	1236.6300	7903.0400	4095.7800	28715.9600	19289.8300	1770.9800	6941.6600	6429.5000	2919.7200	54267.0000	5683.2200	3228.8800	4666.3600	9266.2000	17394.9200	2954.9100	28199.7500	
1176422400000.0000	4719.9700	3340.6600	1422.5300	542.9300	1391.5700	8355.2600	4112.5600	28704.2400	14188.4900	1925.0700	6897.0800	6123.8000	2953.4700	64512.0000	5799.2700	3476.3100	4892.9700	9166.5000	18053.3800	5218.8300	20651.4200	
1194393600000.0000	4483.1600	3236.9900	1476.6500	508.7800	1434.1600	7629.1500	4168.7200	29794.4900	12979.6600	1553.3000	7479.8500	6728.1000	3447.4500	49472.0000	5694.5600	3223.2500	4762.1700	8855.9000	17292.3900	4346.4600	19821.7800	
1191283200000.0000	4579.6100	3342.1400	1448.0000	511.8500	1364.4100	8982.1600	4285.1400	28067.4000	15504.4300	1753.0400	6875.7000	6667.6000	3165.7100	44249.0000	5631.5300	3615.3800	4850.1500	9445.0000	16569.0900	3767.1000	24599.3400	
1172016000000.0000	4628.0000	3446.0100	1502.5600	522.9900	1203.2900	9566.4200	4026.9500	31642.2600	14478.1900	1441.3300	7949.6300	5933.3000	3167.8600	54637.0000	5439.3700	3589.0300	5175.3800	9152.1000	17702.0900	3865.7200	20655.2000	
1175126400000.0000	4868.0900	3391.5900	1477.6500	507.4000	1273.9300	8303.9900	4186.9900	30327.3600	14467.3600	1873.2400	8009.4200	5945.7000	3227.7700	53893.0000	5676.7800	3417.8100	4775.8600	8899.4000	18049.5100	4072.2300	21999.9100	
1189987200000.0000	4872.3100	3427.8400	1495.9200	548.7500	1381.5000	9290.9500	4234.6300	29259.9200	20290.8900	1963.5400	7455.9300	6283.7000	2912.2500	56356.0000	6023.2500	3546.3300	4838.8700	8881.5000	18053.8100	5315.5400	29226.8400	
1170720000000.0000	4817.4700	3419.8400	1490.7200	515.4900	1369.5900	8141.5900	4088.1300	31184.4900	14186.1800	1889.9600	7618.6100	5848.5000	3310.1400	53162.0000	5724.7600	3182.6800	4544.7400	8706.4000	17556.8700	5395.2700	20388.4900	
1182470400000.0000	4587.4200	3289.0500	1406.6000	532.2300	1359.2700	8970.9200	4118.9700	27261.1700	12902.6300	1742.1900	6715.4900	6409.3000	3277.8200	52423.0000	5990.1300	3392.9100	4912.5300	9408.2000	15583.4200	4872.7900	20800.1600	
1197331200000.0000	4753.2900	3315.4600	1473.9900	535.0500	1347.1700	9627.3900	4325.7800	30347.8600	15318.6000	1628.2000	7638.1700	6738.1000	3384.2600	64321.0000	5890.4900	3579.7300	4977.5000	9214.4000	17092.4900	2737.7300	19442.4200	
1178064000000.0000	4582.6300	3280.1900	1482.6600	489.5400	1402.2500	8926.3800	4312.1100	29996.6000	15776.3100	1990.4700	7508.9600	6224.5000	3319.8400	60407.0000	5496.0700	3572.9000	4898.4300	9405.3000	18188.4200	4440.7700	23984.1400	
1181174400000.0000	4622.0000	3496.2400	1530.9500	522.7300	1369.8400	8910.9900	4229.6900	32271.3800	14535.0100	2003.6000	7919.8300	6338.2000	3240.8800	46016.0000	5662.7000	3594.9400	4963.9700	8417.2000	16381.5400	4958.0400	23211.6900	
1173657600000.0000	4529.4800	3470.7600	1518.7600	533.0400	1283.4700	7917.3000	4289.7100	31916.2700	14910.6200	1469.8800	7898.5400	5868.1000	3300.0900	57264.0000	5675.0500	3514.4900	4905.4600	9053.4000	16844.6100	4803.3900	20842.1500	
1188518400000.0000	4565.9100	3503.9600	1525.1000	544.7500	1297.1600	7842.2200	4134.7700	30708.7300	14418.6000	1902.6500	7619.3100	6248.3000	2919.8400	50912.0000	6078.5400	3599.6700	5148.1300	9258.0000	17292.4800	5773.3900	22607.0200	
1185408000000.0000	4547.4400	3296.6300	1453.7000	553.5600	1288.3400	9072.5700	4299.9800	29158.8600	18907.6000	1817.8900	7812.4000	6301.4000	3085.4900	44445.0000	6001.0900	3783.8100	5154.6800	9006.8000	17289.3000	2906.3300	20927.7500	
1181001600000.0000	4534.2700	3427.7200	1542.8400	538.3800	1117.0900	8187.9500	4120.3100	31078.3300	17777.1400	1409.3500	7944.9900	6399.9000	2725.6000	44892.0000	6089.9100	3310.4400	4781.3900	8549.3000	15536.5200	3449.0200	28783.4100	
1184112000000.0000	4392.9500	3372.1500	1451.1900	510.6500	1248.8300	8066.0600	4177.6500	28505.7200	13632.5300	1423.5800	6992.5800	6363.2000	2993.3700	54573.0000	5524.1800	3594.3600	4978.5700	8920.2000	15153.7800	2933.1900	26973.9800	
1179705600000.0000	4726.8800	3378.2100	1529.0300	541.7500	1352.4100	8276.2600	4065.6800	30512.6400	16322.7500	1906.7100	7750.8400	6372.5000	3336.0800	62861.0000	5804.3900	3386.5900	4689.1100	9229.3000	16450.5800	2771.7900	20711.6500	
1194566400000.0000	4373.5300	3230.4900	1426.5400	510.6100	1410.5600	9502.3900	4049.5000	28895.7300	15000.9100	1915.9000	7425.0700	6607.4000	3009.5500	50598.0000	5716.3800	3037.7400	4491.6700	8705.1000	16676.8900	4958.8500	25554.6400	
1191456000000.0000	4774.6700	3322.6700	1416.6000	543.5400	1363.4000	7570.2700	4185.4900	26619.3700	14014.9200	1567.7400	6691.3200	6579.9000	3214.1800	61715.0000	5730.8200	3217.7600	4705.0300	8658.4000	17371.9700	3914.4000	22007.3200	
1172188800000.0000	4325.3900	3340.5200	1448.3100	508.4300	1366.5800	7888.6300	4228.8300	28197.2600	14652.0900	1834.6900	6876.7300	6009.3000	3160.2300	62697.0000	5478.6600	3526.2900	4846.6400	9455.5000	17424.1800	3611.8700	20413.3900	
1190160000000.0000	4669.3100	3261.7100	1473.9100	501.3500	1357.3300	7842.4700	4001.3900	30900.6800	15260.9100	1947.9800	7456.3100	6362.0000	3454.0200	43288.0000	5610.9200	3479.3100	5140.4800	8650.8000	18119.9200	4173.7100	20735.0500	
1187049600000.0000	4417.2800	3300.6400	1488.4100	504.7800	1166.3800	7901.9600	4206.3100	30088.0400	20104.3900	1407.3700	7928.3100	5982.5000	2849.6800	48762.0000	5665.1000	3485.7600	4795.3700	8903.2000	15135.2100	3252.5900	22739.9000	
1167782400000.0000	4372.4500	3489.5600	1505.6200	525.7600	1306.3600	8528.3300	4071.0300	30013.8500	13934.2700	1513.6600	7516.7600	5626.8000	3133.8700	43553.0000	5646.3600	3369.7200	4951.7000	8577.7000	18238.9500	5454.6700	27744.4500	
1170892800000.0000	4276.9800	3285.6800	1469.0200	507.9000	1157.8500	9471.3000	4274.6900	29276.3900	18938.8700	1363.4100	7723.6600	5872.9000	2852.2800	43145.0000	5590.9100	3695.3000	5208.4600	9256.8000	17527.4500	4765.4500	20841.0800	
1185753600000.0000	4926.0700	3412.0100	1519.5900	539.6400	1237.0800	7959.2900	4053.4100	32229.4400	18492.8400	1454.6000	7842.7900	6146.5000	2729.6300	59069.0000	6068.8300	3053.2100	4402.4800	9102.2000	17705.1200	2641.3300	27371.2400	
1197504000000.0000	4707.4400	3164.1900	1387.1700	500.2100	1364.3700	8221.7900	4180.6400	26719.3200	12529.6200	1855.3300	6447.7000	6661.1000	3060.6300	57644.0000	5561.2100	3291.2800	4777.2100	8909.8000	17028.4100	4300.5600	29376.8600	
1178236800000.0000	4883.4300	3398.5100	1470.7300	546.3700	1384.7200	7884.9900	4121.0900	29614.0500	13619.7000	1962.9300	7242.7300	6296.2000	3385.0900	48755.0000	5705.0500	3145.2000	4676.6600	8361.2000	16312.6100	3973.3700	18836.9300	
1196208000000.0000	4674.1600	3271.1600	1422.9500	473.3800	1330.2600	9105.2800	4099.4300	26432.2500	14209.2400	1528.6600	6687.3100	6432.8000	3082.5500	51813.0000	5296.2200	3232.0200	4565.0800	9261.7000	16148.4900	3995.6800	20299.7100	
1193097600000.0000	4582.4500	3301.9400	1399.0400	528.6600	1354.9800	8201.3700	4077.1100	26418.8200	13478.8300	1646.5900	6819.6500	6677.5000	3162.8100	45597.0000	5829.0400	3418.5800	4906.4600	9228.0000	17091.5900	4871.7800	20772.2200	
1173830400000.0000	4297.2800	3223.3000	1407.2200	503.5100	1246.3000	7835.5700	4243.6600	27883.0100	19247.5400	1459.5300	7567.3600	5727.3000	2940.6300	57799.0000	5579.7800	3654.6100	5104.2300	9438.8000	16870.9800	5562.3900	20147.8700	
1176940800000.0000	4421.5500	3527.4400	1552.5000	500.3300	1305.9400	8891.8800	4177.0100	32386.5100	15272.7200	1919.2600	8092.7700	6148.3000	3220.3100	48016.0000	5588.3900	3415.3200	4850.2600	8956.3000	18066.1100	2930.4800	27626.6200	
1169424000000.0000	4617.8600	3429.7100	1471.4800	491.8200	1207.6100	8865.7500	4312.5800	29598.9900	13607.0400	1691.9800	7348.8300	5704.0000	2961.2300	42245.0000	5458.3900	3559.0100	4924.6800	8897.3000	17834.4800	5771.4600	23099.2900	
1172534400000.0000	4805.1200	3495.6600	1522.2800	560.9300	1120.4000	8338.8800	4137.9500	30869.8400	14363.2600	1385.7600	7735.8800	5977.6000	2723.4800	54234.0000	6117.9600	3246.3100	4625.8100	8422.3000	15680.6700	5294.0400	20788.6100	
1196035200000.0000	4834.4400	3340.9900	1424.5500	532.6800	1339.4900	8586.4000	4231.1600	29171.5200	12455.3700	1856.4500	6937.1700	6533.2000	3325.6800	53852.0000	5858.1400	3542.2200	4996.4800	8900.2000	16284.1700	2975.1300	20798.9700	
1184284800000.0000	4471.8300	3374.9000	1525.7500	541.6100	1366.9900	9568.2600	3957.9400	30583.0700	16564.2300	1749.5500	7794.4300	6425.4000	3418.2500	52777.0000	6120.2000	3152.1600	4523.2800	9073.3000	16744.1500	2797.1900	19809.7000	
1176768000000.0000	4786.0500	3079.6900	1411.2700	512.0200	1357.6600	7719.8000	4035.2600	27793.1600	14358.2100	1716.5600	7270.0700	6168.9000	3315.1500	63006.0000	5645.5600	3029.0400	4560.1400	9223.0000	17177.8900	4904.8500	25843.7800	
1179878400000.0000	4436.4000	3272.7800	1409.7100	544.6500	1396.9800	8922.9800	4158.3900	26135.6000	13860.5200	1906.0000	6593.0900	6369.0000	3204.4700	62341.0000	5700.6500	3431.7100	4884.0700	8828.4000	16420.4700	2807.8000	20672.3900	
1175472000000.0000	4795.8900	3286.7300	1465.8100	487.0600	1378.2700	7935.5400	4252.0300	30048.3700	14935.7700	1976.7500	7473.9300	5908.2000	3495.6600	42730.0000	5265.4700	3525.1000	4788.6600	8917.5000	17507.4000	4179.7800	20211.2800	
1190332800000.0000	4674.3600	3440.1000	1492.8900	494.0500	1182.2000	7678.6700	4205.5200	30744.7100	14501.0800	1427.8800	7860.5200	6371.2000	2916.8500	63197.0000	5517.3500	3545.4600	4867.3500	8717.6000	17453.5100	5158.1200	22455.3600	
1187222400000.0000	4462.4800	3448.1600	1509.1200	524.4500	1376.9300	8515.6000	4062.8900	31833.4400	14083.4100	2041.1200	7706.1000	5712.2000	3393.8300	55250.0000	5654.3000	3521.2700	5053.8700	9182.3000	15732.4800	5692.7500	21803.5700	
1167955200000.0000	4303.3600	3349.0700	1481.1400	543.2600	1283.7500	7790.0100	4267.1400	29770.5200	19363.1900	1874.7400	7870.5200	5549.8000	3324.5800	44687.0000	5953.3600	3707.1400	5252.9900	8966.3000	17237.7700	3291.5400	20615.4900	
1185926400000.0000	4354.9300	3445.2000	1514.4000	537.8000	1183.0400	8159.9700	4037.5900	31886.1000	18770.8900	1383.0600	7932.4400	5989.4000	2880.7900	43517.0000	5940.0900	3068.7500	4518.8000	9153.1000	17481.2100	2807.1700	28643.6100	
1182816000000.0000	4405.1600	3236.6300	1386.9500	507.5800	1180.9100	8727.2100	4279.7900	26901.4200	12430.4000	1731.2700	6579.8700	6337.3000	2828.5900	49206.0000	5670.5700	3814.4500	5236.1700	8781.9000	15126.6300	4560.7700	29854.4900	
1196380800000.0000	4857.3000	3472.0100	1562.4700	545.9400	1243.3900	9717.1700	4150.5300	32129.4000	18658.2500	1374.3400	7986.5700	6593.6000	3056.8400	42007.0000	5760.3000	3376.0600	4891.8600	8594.3000	17544.0900	3914.2000	18953.5000	
1193270400000.0000	4534.9500	3357.1600	1489.4200	482.1400	1118.9600	8004.6100	4138.1900	30932.7100	15465.4000	1644.5600	7721.7700	6644.8000	2713.7600	51618.0000	5382.1600	3150.2400	4698.2100	8874.0000	16979.8600	4876.7600	28569.3300	
1174003200000.0000	4785.4800	3315.2900	1440.1300	554.5700	1339.0800	7776.3600	4048.8300	27338.3000	14110.4600	1932.8900	6748.3700	5817.8000	3210.3100	62927.0000	5838.4900	3092.5800	4370.0300	9381.3000	17932.2700	3950.0100	23886.0700	
1191974400000.0000	4695.5000	3217.3500	1403.1700	531.0000	1383.4300	9057.8200	3982.3800	26647.6500	13159.5500	2012.8200	6640.2400	6744.6000	3238.8900	62661.0000	5672.7200	3322.3800	4683.4800	8500.6000	15249.7900	4176.4800	20821.0500	
1188864000000.0000	4534.6000	3188.5500	1445.5500	506.5500	1364.1400	8892.8300	4052.6500	28453.5500	14427.5500	1483.4100	7407.5300	6297.1000	3360.1600	46554.0000	5638.0800	3008.3500	4584.2300	9097.0000	17656.8400	3710.8900	19346.6000	
1169596800000.0000	4618.4300	3260.5000	1412.1100	481.9600	1271.3100	7830.8500	4305.2500	25783.0400	13566.3300	1414.2900	6614.3700	5749.1000	2986.6200	43935.0000	5458.4000	3486.6300	4919.5200	9057.6000	17732.7700	5903.2600	21595.6300	
1172707200000.0000	4817.0500	3468.0100	1515.7300	504.5700	1231.8700	8095.8400	4107.1500	30700.0100	14338.4500	1876.8000	7739.2000	5798.3000	3011.6300	52846.0000	5399.3800	3475.4700	5129.2400	9261.6000	17455.3700	5393.6600	19898.0800	
1187568000000.0000	4364.5900	3325.0500	1481.0500	495.8700	1335.4200	8346.3900	4295.2400	29484.7800	19035.4800	1751.7500	7777.5600	5926.5000	3314.8600	54147.0000	5533.0300	3820.3100	5203.0000	8671.4000	17331.1700	2882.5600	20520.6600	
1168300800000.0000	4684.2200	3422.7700	1552.5800	535.4800	1350.7200	8010.4600	4187.9800	31825.5100	17491.3900	1839.8200	7974.3700	5564.1000	3439.4900	59828.0000	6057.4900	3332.9200	4695.7700	9138.9000	16257.0000	4980.0800	27803.3500	
1180051200000.0000	4789.4400	3368.6800	1439.3700	507.8900	1391.6100	9496.4700	4179.5700	29370.9400	12786.7700	1582.6500	7073.9100	6273.3000	2947.7200	50278.0000	5538.9100	3170.4600	4608.6100	8544.6000	17421.9300	3896.1900	27770.2900	
1194912000000.0000	4740.5200	3344.2400	1433.3700	545.7900	1354.6700	9017.0800	4122.4100	27972.2300	14190.7000	1721.9900	6859.4500	6570.9000	3212.8900	52994.0000	5829.4000	3436.0400	4842.6500	9377.1000	15900.6400	2770.1100	20209.7100	
1191801600000.0000	4858.1100	3274.8200	1433.0600	517.6000	1353.0300	7821.3200	4189.6600	29671.7700	15138.4000	1544.3500	7435.6700	6667.2000	3334.7700	49162.0000	5739.0100	3538.2300	4797.2700	9146.1000	18217.2700	5365.2700	20593.4100	
1175644800000.0000	4567.9100	3444.6900	1505.7100	503.7700	1321.3600	8493.4600	3962.6200	31079.2400	14504.5700	2026.4400	7921.3600	6079.0000	3117.7600	54569.0000	5643.9500	3353.5600	4970.3700	9438.1000	16838.1700	3836.2900	22538.4400	
1171238400000.0000	4448.9600	3253.5400	1445.9000	521.5200	1375.2500	9509.7300	4223.2300	28968.2000	19261.3500	1888.8100	7825.4400	5895.0000	3414.6700	44412.0000	5597.8900	3439.2100	4741.6500	9197.5000	15396.3000	3323.5800	21938.2200	
1186099200000.0000	4435.6000	3461.2300	1507.7200	546.0200	1298.8500	7618.5500	4194.5700	29572.4000	13765.4600	1371.3300	7442.2000	6055.9000	3265.6200	51745.0000	6006.3100	3551.2200	4816.2300	8830.1000	18146.3000	5425.8800	26596.5800	
1182988800000.0000	4872.9800	3442.9400	1515.6700	503.4600	1169.8900	8905.4100	4201.6400	31884.0600	14003.0300	1759.5000	7680.7600	6297.4000	2853.0400	57660.0000	5514.8800	3388.4800	4818.1200	9041.1000	17484.7800	2905.0900	20706.3500	
1197849600000.0000	4372.3400	3421.5300	1480.9300	535.7000	1255.3900	8939.4900	4305.6200	29593.8500	13928.3300	1365.3100	7335.6200	6331.8000	3210.7100	42670.0000	6034.2500	3857.2500	5289.8000	8714.6000	16401.7300	4941.7800	20578.7500	
1178582400000.0000	4433.5400	3518.5800	1561.8000	536.4000	1377.4800	7809.4500	4140.0900	32473.4700	18419.0400	1947.7400	8041.2600	6301.0000	3382.8800	55371.0000	5934.2700	3466.0600	4863.3500	9219.3000	17752.6400	4049.7000	20556.5700	
1181692800000.0000	4873.1100	3320.8800	1478.5500	535.4700	1106.0600	8014.3100	4120.8600	30816.9500	15616.3100	1771.3500	7621.7200	6210.1000	2697.2500	58858.0000	5917.3200	3087.7400	4688.6700	8987.9000	15030.5100	4132.8700	28838.3700	
1177286400000.0000	4537.0500	3273.3000	1422.1800	559.1400	1390.0000	8096.8600	4033.2700	27045.7100	14248.6600	1484.1500	6690.3400	6192.2000	3259.7300	45996.0000	5843.9500	3321.5000	4753.6400	8593.7000	17736.9600	4915.8900	24050.4000	
1192147200000.0000	4578.4900	3250.0700	1464.0700	527.2100	1364.3700	8573.6400	4258.8400	29269.3400	15289.8200	1436.1000	7500.4800	6760.1000	3174.6700	61722.0000	5576.6200	3651.0500	5069.8700	9192.6000	17971.4900	5748.0000	20281.1300	
1189036800000.0000	4413.5100	3496.3400	1549.3700	499.8000	1278.9200	8651.2800	4049.6500	31979.1400	13630.7100	1599.6800	8038.2100	6265.3000	3085.9600	50235.0000	5582.3000	2969.6900	4562.6000	8829.2000	15480.1900	3032.2000	22346.8800	
1169769600000.0000	4679.0900	3274.4200	1423.8200	514.3000	1316.4300	9809.8800	4113.0500	26247.9000	19784.8900	1772.2600	6687.3000	5753.3000	2952.0000	54519.0000	5518.1700	3477.5900	5117.4200	9299.2000	16698.0800	3743.9600	23057.3000	
1187740800000.0000	4967.6100	3323.0000	1451.1500	560.7900	1245.6400	7736.2000	4228.0100	29170.9000	14664.2600	1917.8300	7667.0300	5997.4000	3232.6400	63482.0000	6099.2100	3550.3400	4859.9600	8395.0000	17163.2000	2785.3100	19385.3700	
1184630400000.0000	4369.6500	3453.9800	1519.4300	500.1600	1387.2100	7984.6500	4241.6700	31420.6900	16899.5400	2062.9200	7958.2400	6418.2000	3380.1300	65044.0000	5609.8000	3624.8200	5032.1900	9367.3000	17236.1600	5107.6700	28751.2100	
1168473600000.0000	4867.7800	3337.6600	1517.2100	506.7800	1355.6200	7344.5600	4181.3100	30294.7700	14009.9000	1444.1700	7769.4400	5542.7000	3154.8800	44351.0000	5561.1300	3182.2100	4699.0000	9395.8000	16642.2500	3912.9400	26430.2900	
1195084800000.0000	4506.6100	3378.3100	1455.3000	549.8400	1360.6500	8690.0900	3939.7300	28539.6900	19091.9600	1545.5500	6961.1800	6594.4000	3487.2600	49676.0000	6026.9500	3357.3400	5011.6000	8645.0000	16248.9700	4334.9200	20209.9100	
1183334400000.0000	4750.6100	3260.4700	1453.0000	534.9900	1415.8100	9473.3100	4251.4000	29074.1200	13771.2300	1376.1500	7837.3200	6298.6000	2956.3100	41179.0000	5641.5900	3469.2600	4767.0900	9007.3000	18116.5700	3816.1700	27029.2600	
1175817600000.0000	4302.2500	3447.4700	1491.4700	508.0700	1411.6200	8181.4900	4212.4600	29653.8200	14162.7100	1791.3300	7415.3300	6063.4000	3141.3800	52998.0000	5725.8400	3581.1600	4900.5100	8882.4000	17672.5600	4046.3900	20746.2700	
1190678400000.0000	4508.7200	3537.8800	1532.9100	502.6300	1205.2800	9068.9800	4053.8600	32128.9700	19529.5000	1937.9000	8030.6400	6490.9000	2802.0200	58125.0000	5497.4200	3527.8700	4985.7400	9429.3000	18168.7200	5409.4000	21017.0500	
1171411200000.0000	4888.0600	3275.8200	1462.7900	529.2300	1315.9700	8030.5600	4215.8800	29998.7900	19977.6700	1661.8000	7808.9400	5937.7000	3252.4700	51713.0000	6012.7600	3819.7800	5289.2200	8676.9000	17677.9400	2998.4700	28879.5900	
1198022400000.0000	4884.6000	3506.5100	1540.9800	551.9100	1110.6900	9413.6500	4041.6100	32100.7600	12705.9400	1838.4100	8009.6700	6280.8000	3383.5500	55696.0000	6105.2800	3116.8800	4550.7900	8775.9000	16832.2200	4651.2300	31586.9000	
1178755200000.0000	4932.3600	3285.1000	1410.9400	497.5200	1273.5200	8862.3100	4035.3300	27407.4600	14217.7700	1605.7700	6700.2900	6351.8000	3244.6800	50511.0000	5547.2100	3362.6800	4836.8400	9189.3000	17875.6500	5101.7800	19356.9000	
1181865600000.0000	4681.8100	3412.7100	1495.4200	550.8500	1376.4000	7941.4400	4052.4500	29444.1500	12415.0400	1945.2800	7343.0800	6317.1000	3491.4600	61052.0000	5836.1900	2982.2900	4344.7900	9396.0000	16921.7700	5035.0700	20536.7800	
1196726400000.0000	4545.8900	3186.1300	1374.1200	498.2900	1343.0000	8694.4100	4294.2600	25788.3700	14424.8700	1448.8100	6534.5700	6588.8000	3219.7200	45849.0000	5503.2700	3369.4500	4800.4000	9294.5000	15257.0000	5954.7700	18664.8800	
1193616000000.0000	4533.0100	3263.4300	1479.3700	535.3300	1377.1400	9711.3700	4308.9900	30041.5400	15550.1300	1859.8200	7507.2700	6808.2000	3230.3300	53802.0000	5947.3300	3604.6200	5118.5100	9387.3000	15874.0800	3071.2300	22921.8900	
1174348800000.0000	4585.4700	3491.3500	1553.0800	475.5900	1359.5900	7823.6700	4240.2600	32150.6500	14508.2100	1878.3200	7991.2100	5856.5000	3107.4000	63098.0000	5385.0300	3527.0800	4938.2700	8886.0000	16737.6300	3759.8700	23016.2000	
1173052800000.0000	4477.1100	3486.2400	1518.1100	518.1000	1335.6600	7949.4200	4238.9400	30664.7300	14880.2400	1953.1700	7781.0400	5642.4000	3255.0000	65791.0000	5569.3800	3554.8500	4922.2100	9336.3000	17419.2000	6092.0600	20469.5900	
1187913600000.0000	4479.0200	3504.0200	1503.1500	560.2500	1262.0900	9592.4700	4275.8100	32201.6300	13965.8600	2064.8500	8075.2600	6087.2000	3085.4100	65318.0000	6065.5000	3501.1000	4794.9300	8747.0000	17400.4100	5355.2900	22218.5500	
1184803200000.0000	4871.7100	3460.4000	1531.3800	537.1900	1290.1300	8937.5800	4179.8900	29766.3300	17150.5600	1448.5300	7459.6100	6419.0000	3282.2500	45424.0000	6056.3900	3714.7700	5101.0900	8468.4000	17137.9200	2930.5600	20979.2400	
1180396800000.0000	4633.7500	3385.8600	1455.5400	554.2500	1403.5600	7739.9100	4136.2400	30528.0000	14932.7700	1542.5200	7853.7900	6338.8000	3451.1800	49230.0000	6098.0800	3236.9300	4722.7800	8741.7000	15764.9700	2896.5900	27065.1500	
1183507200000.0000	4809.5000	3378.2400	1476.7100	529.8900	1440.3900	7480.8900	3993.5100	28491.0700	19795.8700	2005.7600	6957.0700	6332.6000	2962.6100	61718.0000	6026.4200	3302.0100	4778.8600	9019.6000	17490.1900	2794.7000	20567.9100	
1179100800000.0000	4781.6400	3314.8200	1484.4600	542.2400	1413.6500	7783.5000	4043.5000	30239.9200	19837.9900	1835.8700	7513.6600	6346.7000	3149.1900	52653.0000	5733.3700	3398.1000	5109.8200	9074.3000	16764.6200	4109.6500	21907.9900	
1190851200000.0000	4427.1500	3340.4400	1507.3400	506.1000	1221.7200	8144.9500	4209.0700	29638.4000	13308.0300	1370.7200	8002.6700	6548.0000	3380.6300	44044.0000	5713.5900	3552.5500	5121.6700	9419.9000	17209.9200	5201.1800	27626.9200	
1171584000000.0000	4480.3700	3362.0800	1549.3800	521.4300	1324.7700	8167.0700	4076.0300	31257.3000	13908.5800	1410.9500	7940.5800	5935.5000	3152.4600	42667.0000	5620.4000	3805.7000	5334.5000	9062.7000	17875.7500	5269.8200	29558.9200	
1186444800000.0000	4368.0500	3518.3600	1434.5400	513.7100	1372.3800	8680.7100	4181.4500	31458.6700	19051.8600	1390.9600	8019.2200	6013.6000	2843.1700	42919.0000	5602.7700	3219.5100	4652.6300	8612.5000	15552.5900	3781.3500	31352.5800	
1198195200000.0000	4421.7600	3339.8100	1494.0700	510.4300	1290.7000	9188.3100	4312.1700	28258.8000	15596.8300	1893.4700	6856.9600	6309.4000	2833.6200	62336.0000	5673.7600	3398.6000	4792.6200	9147.0000	15042.5600	3444.2900	19690.2500	
1196899200000.0000	4885.3800	3393.3300	1538.5300	547.8500	1181.4200	8048.3900	4142.8900	29372.9300	12579.7500	1861.0100	7378.1200	6660.5000	2758.7100	56444.0000	5847.9500	3810.7200	5199.1100	8878.4000	18140.9400	3986.0400	20526.5000	
1193788800000.0000	4267.3200	3457.3000	1451.7000	509.0100	1156.5800	7988.5700	4128.0300	32230.8200	14129.6400	1700.9100	7962.6400	6779.1000	3279.5300	52268.0000	5598.3700	3441.8700	4791.4600	9101.7000	17664.6900	3122.8100	28954.5500	
1174521600000.0000	4971.3700	3225.1400	1428.8200	530.4900	1127.4100	7877.8200	4062.5200	29893.1800	14544.4600	1499.1600	7375.4400	5935.4000	3172.9500	47174.0000	5930.7700	3130.2600	4673.4500	9450.8000	17529.0000	5312.1800	23999.7000	
1177632000000.0000	4733.4400	3280.0600	1391.9700	550.3000	1346.8900	9031.6300	4085.6100	27135.3700	19633.3600	1600.6000	6788.2300	6141.0000	3425.2800	51738.0000	5774.3600	3059.1500	4470.7300	8270.9000	17521.9600	4754.1000	20460.4600	
1192492800000.0000	4767.2500	3244.3700	1530.6200	512.9000	1379.9100	9182.6000	4302.3500	26184.3900	14964.1200	1449.7700	6617.7500	6711.3000	3041.7600	45645.0000	5386.4300	3035.5800	4638.6200	9264.0000	16127.4200	4269.5200	18918.6400	
1189382400000.0000	4701.0200	3293.0000	1433.2700	502.8300	1373.8400	9273.0900	4114.6700	26480.0300	13189.5400	1870.0200	6731.7400	6209.6000	3188.6400	54671.0000	5645.5900	3411.7200	4972.1900	9150.7000	17170.6000	5777.8100	20068.5600	
1170115200000.0000	4474.3900	3493.1300	1530.4400	481.9000	1306.3400	9637.0700	4223.5300	31398.9600	14127.3100	1908.6800	7883.0400	5791.5000	2945.2900	53431.0000	5455.0700	3561.9600	4995.3100	9357.5000	18163.6100	5825.2800	20634.4700	
1173225600000.0000	4591.4800	3194.4400	1448.3900	505.3800	1352.4100	9018.1200	4180.4700	32411.8400	13124.3200	1807.8500	7511.9700	5803.3000	3167.8700	54644.0000	5631.0800	3422.6200	5001.2600	9006.0000	16517.4800	5172.6300	27460.1700	
1168819200000.0000	4923.2900	3513.1000	1514.1400	540.3900	1244.3200	7701.5400	4227.4600	29515.6400	15603.8000	2019.3400	8048.3200	5649.0000	3230.3100	63261.0000	6104.0000	3501.1700	4736.2500	8772.6000	17106.0900	2785.4300	22531.7400	
1180569600000.0000	4763.7600	3396.8900	1437.5000	491.0900	1289.5000	7568.2000	4105.1500	30341.2500	15100.1500	2005.0900	7166.6700	6341.8000	3409.4500	53883.0000	5432.5700	3204.5500	4868.2500	8805.3000	15797.6000	2937.9100	20347.8700	
1195430400000.0000	4789.0800	3465.0300	1484.2500	555.0000	1313.3900	8727.5500	4162.6700	28158.9700	14295.5000	1813.5200	7481.2500	6601.3000	3388.4500	44815.0000	6102.6900	3536.4000	4718.1000	9333.4000	17519.5000	5194.6900	20937.2600	
1183680000000.0000	4472.7700	3325.8300	1453.0900	524.0900	1376.7900	9621.5700	4160.4300	30096.0300	19976.2300	1382.9000	6828.8200	6383.0000	3441.7900	44133.0000	5766.2700	3629.5500	4861.7900	8770.4000	17164.0400	4213.3600	19765.8500	
1176163200000.0000	4566.1000	3293.8000	1533.7000	527.5500	1397.4800	7833.9800	4310.1200	29883.9600	17998.3900	1423.5800	7497.7400	6136.1000	3114.5700	51645.0000	6017.9100	3715.3200	4758.9800	9027.5000	16287.4900	2778.9000	24898.1100	
1179273600000.0000	4538.5100	3296.9800	1509.6500	508.8000	1376.3200	8313.7200	4154.1300	32064.9900	15505.3600	1829.3100	7453.5900	6301.1000	2939.5200	58037.0000	5576.3000	3809.6900	4885.9500	8784.0000	17963.6400	5308.8900	22439.3600	
1174867200000.0000	4497.2200	3493.1200	1540.0800	528.3600	1285.9400	8484.1100	4313.1500	32836.1200	14267.1800	1993.0500	8033.5200	5970.5000	2875.6200	42735.0000	5538.9200	3506.0900	5284.2000	9217.9000	17261.3500	5214.2300	21582.8900	
1189728000000.0000	4866.0400	3423.0700	1471.5600	517.8500	1188.8300	-5.0000	4143.0200	30076.3300	12884.9900	1379.4800	7849.4900	6315.7000	3191.0000	63774.0000	5624.7800	3168.1000	5166.5500	8933.9000	15564.6900	-5.0000	30468.3400	
1186617600000.0000	4365.6100	3457.0700	1445.9400	550.3600	1278.9500	-5.0000	4144.2000	27842.7600	14919.1900	1908.6200	7921.4000	6187.7000	3392.0200	60582.0000	6071.6700	3143.7100	4823.0400	8714.7000	14837.6600	-5.0000	29465.0500	
1182211200000.0000	4522.6400	3312.8700	1402.8400	537.2500	1381.5300	-5.0000	4079.9700	27106.5300	15732.2000	1806.9900	7472.9900	6393.4000	2790.0000	-5.0000	5720.4200	3343.0000	4754.0600	9117.5000	-5.0000	-5.0000	24310.1400	
1193961600000.0000	4171.9000	3302.0500	1432.3600	551.5300	1139.7100	-5.0000	4101.0700	29326.7600	14131.3400	-5.0000	6851.2800	6726.7000	3059.3900	-5.0000	5767.2400	3635.3500	4556.6200	9104.6000	-5.0000	-5.0000	20430.1600	
1192665600000.0000	-5.0000	3294.0400	1541.5700	523.3800	1437.8200	-5.0000	4306.5400	32168.4300	20216.7200	-5.0000	6716.5200	6781.0000	3067.0000	-5.0000	5508.0100	3037.6600	4814.6800	8518.2000	-5.0000	-5.0000	19134.8800	
1189555200000.0000	-5.0000	3202.9900	1430.6200	505.5900	1359.8500	-5.0000	4073.3300	26558.5000	18602.6200	-5.0000	7430.2400	6236.0000	-5.0000	-5.0000	5662.2500	3477.2000	5085.9400	8125.4000	-5.0000	-5.0000	23363.7600	
1170288000000.0000	-5.0000	3479.9600	1476.2700	490.3500	-5.0000	-5.0000	4068.6300	29642.1200	-5.0000	-5.0000	7944.2100	5796.8000	-5.0000	-5.0000	5537.8400	3347.2000	4615.4800	-5.0000	-5.0000	-5.0000	23365.5600	
1173398400000.0000	-5.0000	3261.7200	1416.7700	508.0100	-5.0000	-5.0000	4071.0100	28446.4500	-5.0000	-5.0000	6701.7000	5810.2000	-5.0000	-5.0000	5474.1700	-5.0000	5137.4700	-5.0000	-5.0000	-5.0000	20064.5700	
1188259200000.0000	-5.0000	3372.4000	-5.0000	558.9500	-5.0000	-5.0000	-5.0000	-5.0000	-5.0000	-5.0000	8038.6000	6177.3000	-5.0000	-5.0000	6009.1600	-5.0000	4818.2600	-5.0000	-5.0000	-5.0000	27842.9300	
1185148800000.0000	-5.0000	3163.7700	-5.0000	505.2600	-5.0000	-5.0000	-5.0000	-5.0000	-5.0000	-5.0000	7518.4200	6427.8000	-5.0000	-5.0000	5561.7800	-5.0000	-5.0000	-5.0000	-5.0000	-5.0000	26618.1900	
1168992000000.0000	-5.0000	-5.0000	-5.0000	516.4300	-5.0000	-5.0000	-5.0000	-5.0000	-5.0000	-5.0000	-5.0000	5626.1000	-5.0000	-5.0000	5627.4800	-5.0000	-5.0000	-5.0000	-5.0000	-5.0000	-5.0000	
1198713600000.0000	-5.0000	-5.0000	-5.0000	483.5300	-5.0000	-5.0000	-5.0000	-5.0000	-5.0000	-5.0000	-5.0000	6426.4000	-5.0000	-5.0000	5381.3000	-5.0000	-5.0000	-5.0000	-5.0000	-5.0000	-5.0000	
1195603200000.0000	-5.0000	-5.0000	-5.0000	-5.0000	-5.0000	-5.0000	-5.0000	-5.0000	-5.0000	-5.0000	-5.0000	6450.2000	-5.0000	-5.0000	-5.0000	-5.0000	-5.0000	-5.0000	-5.0000	-5.0000	-5.0000	
