null#
# M e s s w e r t t a b e l l e  der Reihen:
#
# ^ATX_Close [249,249] Werte
# ^FTLC_Close [254,254] Werte
# ^GSPC_Close [252,252] Werte
# ^AEX_Close [258,258] Werte
# ^KLSE_Close [248,248] Werte
# ^TWII_Close [250,250] Werte
# ^NZ50_Close [254,254] Werte
# ^MXX_Close [252,252] Werte
# ^BSESN_Close [251,251] Werte
# ^KS11_Close [249,249] Werte
# FDAX.EX_Close [256,256] Werte
# ^AORD_Close [252,252] Werte
# ^IPSA_Close [250,250] Werte
# ^BVSP_Close [247,247] Werte
# ^FCHI_Close [258,258] Werte
# ^STI_Close [258,258] Werte
# GD.AT_Close [261,261] Werte
# ^SSMI_Close [258,258] Werte
# ^N225_Close [245,245] Werte
# 000001.SS_Close [259,259] Werte
# ^HSI_Close [253,253] Werte
#
#
Y	Y	Y	Y	Y	Y	Y	Y	Y	Y	Y	Y	Y	Y	Y	Y	Y	Y	Y	Y	Y	Y	
1266796800000.0000	2567.4300	2800.7300	1108.0100	325.1200	1266.4400	7560.0400	3129.7500	32034.3400	16237.0500	1627.1000	5688.4400	4732.7000	3850.7400	67184.0000	3756.7000	2757.4600	1957.3900	6687.4000	10400.4700	3003.4000	20377.2700	
1269907200000.0000	2636.2700	2974.8100	1173.2700	343.6000	1319.3500	7962.2200	3249.6500	33399.4600	17590.1700	1700.1900	6142.4500	4926.8000	3763.2500	69960.0000	3987.4100	2933.3900	2095.6400	6871.4000	11097.1400	3128.4700	21374.7900	
1281657600000.0000	2416.7400	2777.7200	1079.2500	323.9200	1360.1500	7891.5800	3015.1300	32099.7500	18167.0300	1746.2400	6110.4100	4480.9000	4462.2400	66264.0000	3610.9100	2939.9700	1625.9900	6294.3000	9253.4600	2606.7000	21071.5700	
1280361600000.0000	2506.5700	2806.2400	1101.5300	332.1300	1358.4100	7798.9900	3033.0200	32463.7200	17992.0000	1770.8800	6134.7000	4536.2000	4357.2100	66954.0000	3651.9100	2997.6500	1708.3800	6220.6000	9696.0200	2648.1200	21093.8200	
1277251200000.0000	2426.5400	2735.2900	1092.0400	335.1100	1329.7000	7582.1500	3054.2900	32663.2900	17755.9400	1725.8200	6204.5200	4509.4000	4087.3500	65160.0000	3641.7900	2871.0500	1525.5300	6381.9000	9923.7000	2569.8700	20856.6100	
1272844800000.0000	2666.5800	2648.8700	1202.2600	346.9400	1346.8900	7952.1700	3280.3500	32832.4500	17386.0800	1721.2100	6166.9200	4807.1000	3877.0100	67119.0000	3828.4600	2944.2200	1853.5500	6607.7000	9537.9400	2870.6100	20811.3600	
1275955200000.0000	2216.8400	3032.2800	1062.0000	314.8300	1288.1800	7151.9900	2988.9800	31059.8300	16617.1000	1651.4800	5868.5500	4401.2000	3876.6800	61856.0000	3380.3600	2746.6100	1408.8400	6246.2000	9426.7100	2513.9500	19487.4800	
1287705600000.0000	2698.7800	2991.2100	1183.0800	341.0700	1490.6400	8168.0600	3289.7500	35120.8800	20165.8600	1897.3100	6605.8400	4719.6000	4793.3700	69530.0000	3868.5400	3173.5700	1605.8200	6477.1000	9684.8100	2975.0400	23517.5400	
1286409600000.0000	2636.3900	2829.7300	1158.0600	337.6700	1481.4500	8283.9200	3236.0800	34257.8100	20315.3200	1900.8500	6276.2500	4746.2000	4702.0800	69918.0000	3770.4700	3166.6500	1553.7600	6375.6000	8927.0200	2655.6600	22884.3200	
1283299200000.0000	2461.2900	2792.0600	1080.2900	325.5200	1431.9600	7668.2500	3077.1000	32339.2300	18205.8700	1764.6900	6083.9000	4526.8000	4582.7900	67073.0000	3623.8400	2982.8300	1571.1200	6332.4000	10868.4100	2622.8800	20623.8300	
1264032000000.0000	2606.3600	2798.3300	1116.4800	332.1700	1308.3600	8127.8700	3225.2900	31205.3000	17051.1400	1722.0100	5746.9700	4849.6000	3780.6000	66270.0000	3862.1600	2850.9800	2013.9000	6579.0000	10126.0300	3158.8600	20862.6700	
1267142400000.0000	2438.9500	2727.8400	1104.4900	317.7400	1326.7400	7436.1000	3156.1000	31634.5400	16429.5500	1594.5800	5598.4600	4651.1000	3827.4400	66503.0000	3708.8000	2750.8600	1913.1600	6711.0000	9548.1100	3051.9400	20608.7000	
1278892800000.0000	2332.5000	3129.0100	1078.7500	326.5600	1293.1700	7639.5500	3012.0300	31870.5500	17937.2000	1734.0500	6077.1900	4429.5000	4168.1300	62960.0000	3567.6600	2925.3200	1527.5800	6228.3000	10731.4500	2490.7200	20467.4300	
1293753600000.0000	2716.1500	2887.8000	1257.6400	354.5700	1528.0100	8972.5000	3309.0300	38550.7900	20509.0900	1705.3200	6034.3300	4846.9000	3639.9600	70729.0000	3804.7800	3190.0400	1413.9400	6436.0000	9830.5200	2808.0800	23035.4500	
1262736000000.0000	2581.6600	3070.6300	1137.1400	341.4800	1472.1900	8327.6200	3271.5700	32830.1600	17701.1300	1967.8500	6719.8400	4946.8000	5026.2800	71638.0000	4017.6700	2930.4900	2277.6000	6559.4000	9518.7600	3254.2200	22416.6700	
1289347200000.0000	2498.1900	2976.0500	1218.7100	346.0900	1270.7800	8450.6300	3333.4900	36417.4700	20875.7100	1878.9400	6215.8300	4779.5000	4773.1200	71283.0000	3888.4500	3289.2400	1510.1600	6539.8000	10198.8300	3115.3600	24500.6100	
1286236800000.0000	2658.3000	2793.5400	1160.7500	335.0300	1329.8400	8200.4300	3218.3200	34257.4000	20407.7100	1612.8300	5615.5100	4660.6000	3814.9200	65795.0000	3731.9300	3162.3600	1503.1400	6313.9000	11244.4000	3022.1800	22639.1400	
1266969600000.0000	2517.2600	3012.6100	1105.2400	320.9200	1469.6900	7529.6700	3130.8800	31788.5400	16255.9700	1719.1700	6235.5600	4666.0000	3799.3800	71136.0000	3715.6800	2762.1400	1926.8100	6688.0000	10654.7900	3147.4200	20467.7400	
1270080000000.0000	2537.0000	2955.9300	1178.1000	351.4400	1275.7500	8013.0900	3276.2300	33273.5300	17692.6200	1832.6300	6294.5800	4925.9000	3620.7000	68190.0000	4034.2300	2943.0200	2095.0200	6888.9000	9932.9000	2588.7100	21537.0000	
1284940800000.0000	2414.4900	2871.2800	1142.7100	339.8100	1233.8600	8186.9600	3216.9400	32758.5300	19906.1000	1696.1400	6048.3000	4677.1000	3759.5300	70045.0000	3788.0100	3080.9800	1492.3600	6462.0000	9737.4800	3243.7600	21977.3400	
1262563200000.0000	2352.0500	2675.0900	1132.9900	343.0300	1326.4500	8207.8500	3268.1900	30818.4800	17558.7300	1570.4900	5498.2600	4889.8000	4123.8500	64718.0000	4013.9700	2894.5500	2189.7200	6631.4000	10316.7700	2948.8400	21823.2800	
1265673600000.0000	2823.2600	2666.4200	1070.5200	317.0600	1510.5800	7361.0400	3076.4500	32607.1300	16042.1800	1729.8400	6070.6000	4520.7000	4967.6700	64824.0000	3612.7600	2745.0200	1895.9600	6314.8000	9542.6500	2552.8200	19790.2800	
1277424000000.0000	2478.1200	3119.6700	1076.7600	325.9900	1335.6500	7474.7100	3034.1100	37901.0400	17574.5300	2009.0500	7027.4000	4439.4000	3819.7900	68743.0000	3519.7300	2851.6400	1460.4600	6275.4000	10125.9900	2927.0800	20690.7900	
1292284800000.0000	2338.7100	2815.7100	1241.5900	351.8200	1291.3100	8740.4300	3288.9600	31995.2800	19799.1900	1651.7000	5958.4500	4850.9000	3944.3300	64914.0000	3902.8700	3176.9100	1501.4000	6545.8000	10751.9800	2857.1500	23431.1900	
1273017600000.0000	2639.6500	2706.0000	1165.8700	330.7800	1495.9500	7696.9000	3248.8200	31910.2200	17087.9600	1895.5400	6056.5900	4692.0000	4973.5800	63049.0000	3636.0300	2860.3100	1662.1000	6448.5000	10900.6800	2562.5800	20327.5400	
1276128000000.0000	2546.7500	2937.3000	1086.8400	325.4200	1299.6700	7181.7700	3002.3300	36890.6100	16922.0800	1649.5000	6697.9700	4448.4000	3791.7300	67908.0000	3516.6400	2779.5800	1476.4700	6376.7000	9114.1300	2866.3600	19632.7000	
1290988800000.0000	2751.3900	2927.6300	1187.7600	329.6700	1335.9000	8367.1700	3270.3800	33813.1600	19405.1000	1718.0300	5903.5600	4706.7000	3832.2500	69024.0000	3636.9600	3158.2100	1411.3900	6397.5000	9362.6800	2976.9400	23166.2200	
1268611200000.0000	2475.9900	3036.9000	1150.5100	335.1100	1435.6700	7634.9200	3231.1500	32592.8700	17164.9900	1780.0200	6264.2300	4799.4000	4628.1200	69318.0000	3890.9100	2874.3300	2123.1800	6825.1000	9795.2400	2979.5300	21079.1000	
1271721600000.0000	2452.5100	2863.3100	1207.1700	354.8600	1392.5600	7900.4200	3293.1100	32153.6300	17460.5800	1779.6400	6134.6200	4949.5000	4522.3800	66679.0000	4026.6500	2981.3700	1961.8600	6841.9000	10798.3200	2655.3900	21623.3800	
1283472000000.0000	2392.4000	2750.3700	1104.5100	329.3500	1341.0800	7830.2100	3107.4300	32305.7100	18221.4300	1758.0100	6075.1300	4577.6000	4213.1900	66887.0000	3672.2000	3002.5600	1656.8200	6400.7000	9758.4000	2687.9800	20971.5000	
1282176000000.0000	2588.4900	2771.9400	1075.6300	322.3700	1292.9800	7928.9400	3029.7900	32892.0400	18454.9400	1695.2600	6209.7600	4509.6000	3726.5000	63479.0000	3572.4000	2946.7700	1647.8900	6281.4000	9724.8100	2470.4400	21072.4600	
1279065600000.0000	2676.2000	2893.3500	1095.1700	335.0300	1273.6900	7714.5100	3027.4400	30759.4800	17938.1600	1604.9300	6037.6100	4477.3000	3774.8600	70263.0000	3632.9800	2952.8100	1573.8700	6332.3000	9570.6700	3196.0000	20560.8100	
1262908800000.0000	2313.6400	2672.3300	1144.9800	341.9400	1499.8100	8280.9000	3310.2300	36057.3900	17540.2900	1913.1200	5805.6800	4942.2000	4977.9500	59915.0000	4045.1400	2922.7600	2327.5700	6617.9000	9566.3200	2673.4200	22296.7500	
1274659200000.0000	2510.2800	3056.8100	1073.6500	313.5700	1319.8400	7322.7300	3061.2200	31473.2000	16469.5500	1707.7600	6734.6100	4412.8000	4078.7200	70367.0000	3430.9300	2723.8700	1595.1000	6505.3000	9161.6800	2985.4400	19667.7600	
1289520000000.0000	2495.5700	2596.9500	1199.2100	343.2000	1474.7500	8316.0500	3310.5800	33207.2100	20156.8900	1755.0300	5952.0300	4778.8000	4772.2900	61978.0000	3831.1200	3252.0000	1497.2000	6144.5000	9570.3100	2427.0500	24222.5800	
1277769600000.0000	2469.4100	2929.0500	1041.2400	319.0300	1378.4700	7423.5700	2991.0700	32286.0800	17534.0900	1597.8100	6208.3300	4370.6000	4495.2900	68325.0000	3432.9900	2830.3400	1434.4100	6344.9000	10311.2900	2591.5500	20248.9000	
1285113600000.0000	2532.5100	2816.9000	1134.2800	334.3500	1249.4200	7931.0900	3236.3600	30845.6300	19941.7200	1782.2700	6206.4000	4674.7000	3780.5200	67584.0000	3735.0500	3096.1000	1512.4200	6359.7000	10364.5900	2671.8900	22047.7100	
1282003200000.0000	2813.6500	2701.8000	1092.5400	328.4500	1363.6000	7911.6800	3006.5500	32816.5200	18048.8500	2009.2400	5503.9300	4503.2000	4418.6600	66129.0000	3663.1300	2923.3600	1678.0600	6403.4000	9988.0500	2985.5000	21137.4300	
1265846400000.0000	2311.7700	2847.5100	1078.4700	316.8000	1497.5200	8782.2000	3065.2800	37832.8600	16152.5900	1647.5000	6292.1300	4575.8000	5003.0800	68517.0000	3616.7500	2753.6300	1940.3100	6321.6000	9377.3800	2672.5200	20290.6900	
1280707200000.0000	2705.1400	3112.1300	1125.8600	339.6600	1332.8900	7567.1000	3044.1700	31488.8200	18081.2100	1929.3200	7024.4000	4554.4000	3759.1600	67306.0000	3752.0300	3147.6700	1746.7200	6566.2000	10846.9800	2898.1400	21412.7900	
1292457600000.0000	2609.4900	2697.3600	1242.8700	351.8800	1485.4200	8520.1100	3293.7800	37277.5600	19864.8500	1919.4100	5715.0900	4868.8000	4956.7900	62871.0000	3888.3600	2821.1100	1487.3900	6205.6000	10949.0900	2688.3800	22668.7800	
1273190400000.0000	2701.1000	2983.7100	1110.8800	312.3500	1496.9400	8343.2300	3158.8500	35373.3900	16769.1100	1682.8600	6866.6300	4507.4000	4834.5700	69346.0000	3392.5900	3181.9400	1630.4700	6409.7000	10512.6900	2823.4500	19920.2900	
1291161600000.0000	2666.9900	3018.2800	1206.0700	335.8000	1301.9500	7847.8400	3265.1000	32798.3000	19850.0000	1739.5200	6613.8000	4676.8000	3799.5500	70740.0000	3669.2900	3162.5100	1474.3500	6476.6000	10221.8400	3041.5400	23249.8000	
1288051200000.0000	2556.5300	2955.6500	1185.6400	340.7600	1337.0100	7978.6900	3285.4400	33658.3700	20221.3900	1889.9100	6024.2800	4761.5000	3833.6000	69723.0000	3852.6600	2919.3000	1608.0800	6892.0000	9408.3600	3050.4800	23601.2400	
1268784000000.0000	2470.9100	2980.6800	1166.2100	343.0600	1487.4100	8176.7600	3200.9600	34465.4100	17490.0800	1670.2000	6168.7200	4866.9000	3802.3900	69386.0000	3957.8900	2980.6900	2089.7100	6720.1000	9522.6600	2999.4800	21384.4900	
1271894400000.0000	2325.9900	2997.3500	1208.6700	351.3100	1296.7900	7872.9900	3287.4600	30465.0600	17573.9900	1615.1200	6309.5100	4936.8000	3760.3900	70946.0000	3924.6500	3163.4100	1860.7600	6386.2000	10216.4100	2806.9400	21454.9400	
1286755200000.0000	2339.2800	2753.1800	1165.3200	337.0400	1288.0700	7597.6200	3234.8900	32055.0400	20339.8900	1738.4500	5631.3700	4762.1000	3787.3400	67779.0000	3768.4900	2811.7100	1548.7000	6451.3000	9191.6000	3094.4100	23207.3100	
1264377600000.0000	2855.6100	2867.0500	1096.7800	328.5100	1336.6500	7664.5700	3188.6600	31783.3900	16780.4600	1582.1200	5776.5600	4743.1000	4992.9400	62339.0000	3781.8500	2772.2000	2090.9400	6820.0000	11339.3000	3073.1100	20598.5500	
1267488000000.0000	2227.4700	2724.1400	1118.3100	328.2400	1248.9400	7167.3500	3183.2400	31328.4900	16772.5600	2020.2800	6040.2700	4709.9000	4025.1700	60190.0000	3811.9200	2957.7200	2021.7500	6184.4000	10411.1000	2424.2700	20906.1100	
1279238400000.0000	2486.5800	2654.7600	1064.8800	323.9900	1495.8800	8768.7200	2985.7600	37975.4800	17955.8200	1686.2400	5758.0200	4437.0000	3828.2500	67264.0000	3500.1600	2696.0200	1612.8700	6167.5000	9471.6700	2625.7900	20250.1600	
1274832000000.0000	2533.3700	3120.6800	1067.9500	312.0000	1308.7600	7254.0600	3011.1900	31197.0400	16387.8400	1724.9900	7018.6000	4330.4000	3858.1700	61236.0000	3408.5900	3132.9600	1585.7500	6521.3000	9489.3400	2852.9200	19196.4500	
1292803200000.0000	2557.6000	2538.9200	1247.0800	353.1500	1341.7500	7608.4400	3319.1000	33648.8900	19888.8800	1670.2400	5857.4300	4829.2000	4730.2000	71290.0000	3885.0800	2820.3500	1449.7900	5981.7000	9879.8500	2373.7900	22639.0800	
1277942400000.0000	2405.7700	2811.9700	1027.3700	307.8700	1340.7200	8166.6200	2933.8200	32119.1100	17509.3300	1846.6000	6037.7100	4262.7000	4422.3600	64425.0000	3339.9000	2968.3800	1452.1300	6888.9000	10178.3200	3157.9600	20128.9900	
1270425600000.0000	2755.0900	2953.7300	1187.4400	333.4800	1451.1900	7972.6600	3167.0200	33280.7500	17935.6800	1789.2600	6298.3000	4573.2000	3986.2700	68196.0000	3693.2000	2857.6700	2095.0200	6509.0000	9366.0300	2647.5700	21537.0000	
1273536000000.0000	2699.5800	2841.2100	1155.7900	337.8500	1362.7400	7387.4000	3211.1600	32900.4800	17141.5300	1690.6000	6331.3300	4651.5000	4970.0200	68272.0000	3782.4800	3092.6800	1735.2900	6360.8000	10824.7200	2591.5500	20146.5100	
1285286400000.0000	2578.0000	2744.7300	1148.6700	339.2000	1297.1600	8624.0100	3038.1300	32238.4100	20045.1800	1957.2600	6125.0000	4559.7000	4885.9500	63533.0000	3760.7200	3001.8700	1514.2600	6380.3000	9403.5100	2638.5200	22119.4300	
1280880000000.0000	2689.6000	3040.8000	1127.2400	331.4500	1500.9800	8354.0500	3042.6700	37385.9100	18217.4400	1907.8700	6947.7200	4780.1000	3764.6900	69766.0000	3626.0400	2818.0700	1777.5500	6472.1000	9226.0000	2569.9400	21549.8800	
1276473600000.0000	2464.1500	3001.4500	1089.6300	342.1900	1499.4400	7897.9100	3283.3000	35376.7200	17338.1700	1686.1100	6595.2800	4752.8000	4794.1100	70320.0000	3750.5500	3172.4400	1540.6900	6440.9000	10252.0800	2842.4300	20051.9100	
1291334400000.0000	2519.0300	2958.5800	1224.7100	338.1000	1296.6000	8106.6600	3290.0000	33022.8400	19966.9300	1876.1500	5982.4300	4890.1000	4604.1900	68829.0000	3834.8400	3129.5000	1486.5000	6484.7000	10145.7200	2992.5800	23320.5200	
1288224000000.0000	2409.5400	3035.2900	1183.7800	338.6500	1496.9700	7884.4000	3230.4000	34798.6500	19941.0400	1787.7400	6434.5200	4691.1000	3782.8800	71675.0000	3925.4400	2915.7000	1577.8900	6880.8000	9116.6900	3067.7500	23210.8600	
1268956800000.0000	2454.0500	2853.1600	1159.9000	341.7200	1434.2700	7560.0300	3231.8200	32448.4000	17578.2300	1625.4800	6117.8900	4613.0000	3742.1700	65070.0000	3828.3400	3202.1600	2049.3600	6455.1000	10879.1400	2861.3600	21370.8200	
1286928000000.0000	2630.9200	2731.7700	1178.1000	327.7600	1265.7700	7569.8000	3174.1400	30610.8300	20687.8800	1618.2000	5643.2000	4670.0000	4523.5100	67815.0000	3643.8100	3036.0900	1581.6900	6360.2000	9762.9800	2698.3600	23457.6900	
1283817600000.0000	2430.2700	2889.2700	1091.8400	327.2600	1284.0900	7975.9300	3193.5700	32202.0000	18645.0600	1767.7100	5795.3200	4757.6000	3740.1900	65982.0000	3759.8000	2706.2600	1618.3100	6473.0000	10346.4800	2986.6100	21401.7900	
1264550400000.0000	2911.4400	2760.8000	1097.5000	332.4500	1403.1500	8309.3700	3213.5600	32142.6700	16289.8200	1698.6400	6010.9100	4460.5000	3833.9100	70076.0000	3828.4100	2768.7000	1972.9300	6804.9000	9797.1000	3023.3700	20033.0700	
1267660800000.0000	2662.0200	2873.9200	1122.9700	318.5400	1292.8500	7295.3200	3016.7800	32792.6600	16971.7000	1622.7800	5943.0000	4931.6000	4885.8300	61947.0000	3553.2300	2925.9900	2048.1600	6209.5000	11292.8300	2639.3700	20575.7800	
1282521600000.0000	2734.7300	2732.6700	1067.3600	336.7700	1515.0500	8860.4900	3290.2900	31547.5500	18409.3500	2038.1100	5946.1800	4479.0000	4885.1300	68471.0000	4000.0500	2916.1100	1598.8800	6541.9000	10620.5500	3273.9700	20889.0100	
1263254400000.0000	2462.2000	3167.1500	1136.2200	320.6400	1503.5400	8312.2100	3047.7500	38172.9100	17422.5100	1899.1300	7067.9200	4869.6000	3849.6100	69192.0000	3515.0600	2739.7000	2199.5300	6321.9000	9154.7200	2655.7700	22326.6400	
1275004800000.0000	2585.5100	2998.5700	1089.4100	356.1700	1345.0900	8121.7800	3322.3800	35648.2100	16863.0600	1726.6000	6663.2400	4782.8000	3872.4800	70793.0000	3919.7100	3144.3100	1570.2200	6553.7000	10013.3000	2877.9000	19766.7100	
1292976000000.0000	2498.1000	3024.5200	1258.8400	339.2100	1346.9200	7770.5700	3315.0600	33632.3500	20015.8000	1694.5800	6222.4100	4983.2000	3767.3100	64788.0000	3762.4700	3212.1000	1449.1200	6476.5000	10774.1500	2894.5400	23045.1900	
1289865600000.0000	2410.7500	2868.9300	1178.3400	353.8900	1509.6600	8379.7500	3325.0800	32342.4300	19865.1400	1914.7400	6251.9700	4679.5000	3784.2300	71561.0000	4026.9700	2988.1000	1494.1700	6843.5000	9642.1200	3148.2200	23693.0200	
1270598400000.0000	2758.1400	3010.0900	1182.4500	337.8000	1304.8500	7811.8700	3195.8000	35722.7100	17970.0200	1681.8200	6604.8600	4770.9000	4462.8200	69387.0000	3731.5400	2867.9200	1987.5800	6575.0000	10067.1500	2710.5100	21928.7700	
1273708800000.0000	2670.8600	2702.5700	1157.4400	339.3500	1360.4500	7963.3000	3299.7300	31038.3200	17265.8700	1783.8300	5511.1000	4570.4000	4060.3200	68095.0000	3841.1100	3192.1800	1716.8000	6504.7000	11165.7900	3054.0200	20422.4600	
1288569600000.0000	2501.4300	2969.7500	1184.3800	315.8600	1340.0700	8158.1400	3059.5300	33361.2700	20355.6300	1752.2000	6017.2700	4887.9000	3826.9300	64751.0000	3609.2200	2758.9000	1504.2300	6440.8000	9500.2500	3018.1300	23652.9400	
1266192000000.0000	2493.5300	2815.2600	1174.1700	341.5100	1489.8600	8205.3000	3228.3700	32917.9200	16038.3500	1902.2900	6259.6300	4586.3000	4735.0600	68872.0000	3952.5500	2905.6600	1899.4200	6877.2000	9098.3900	3053.1200	20987.7800	
1269302400000.0000	2388.1600	2763.5100	1121.6400	331.1900	1437.7800	7835.5400	3044.6300	32805.6300	17451.0200	1784.3600	6190.9100	4758.2000	4698.1000	71830.0000	3716.0500	2995.0600	2047.0300	6321.4000	10198.0400	2658.3900	21678.8000	
1281052800000.0000	2311.1100	3030.5800	1114.6100	334.7600	1259.1600	7640.4400	3066.5800	33771.5500	18143.9900	1602.4300	6332.1000	4621.3000	3808.9600	66624.0000	3675.9300	2846.9400	1713.0100	6490.1000	8845.3900	2569.9400	21587.0600	
1276646400000.0000	2702.4900	3012.6100	1212.0500	357.4300	1396.9700	7736.9800	3306.2500	34741.5400	17462.8700	1734.7900	6492.3000	4596.9000	4453.2000	65402.0000	3997.3900	3002.6200	1523.0600	6803.7000	9300.4600	2969.5000	23757.6300	
1272240000000.0000	2727.4100	2898.0400	1176.1900	341.4500	1337.6700	7712.0300	3255.8500	32518.9800	17745.2800	1736.7700	6221.5200	4356.6000	4242.4800	64803.0000	3827.3700	3204.2700	1804.9100	6443.0000	10907.6800	2971.1600	21167.2700	
1287100800000.0000	2223.6300	2718.1900	1104.1800	334.5900	1294.7100	8289.9800	3151.7700	30391.6100	20125.0500	1685.7700	5608.7900	4418.7000	3782.5300	64463.0000	3722.1500	3022.2800	1549.9400	6425.3000	10279.1900	2656.3500	20121.9900	
1283990400000.0000	2765.8400	2695.8700	1073.8700	327.9000	1511.5800	8861.1000	3164.6500	31453.7200	18799.6600	2029.6000	5899.5000	4929.4000	4895.5900	69801.0000	3739.4600	2745.3500	1610.8300	6440.7000	10013.6300	2989.2900	20634.9800	
1264723200000.0000	2673.2800	2712.1500	1055.3300	311.7200	1496.6500	8283.4500	3006.0500	32024.2700	16357.9600	1927.8600	5967.4900	4868.3000	4931.3500	70781.0000	3450.1900	2926.5500	2048.3200	6098.6000	9266.7800	2596.5800	20264.5900	
1282694400000.0000	2527.9600	2872.4000	1083.4800	320.4600	1299.5000	7439.9600	2995.3700	32729.5800	18179.6400	1675.3700	5988.8800	4722.8000	4032.0100	60865.0000	3468.0200	2948.6100	1516.1700	6123.4000	11204.3400	2528.7300	21716.9500	
1279584000000.0000	2535.9800	3176.8100	1148.4600	340.6100	1333.9800	8092.0300	3278.3300	38081.0700	17878.1400	1724.4700	6832.1100	4250.6000	3842.2800	71417.0000	4015.7700	2909.5200	1579.1400	6627.4000	9495.7600	3215.5500	22833.8000	
1263427200000.0000	2628.8600	3043.0600	1196.6900	355.9200	1507.6000	8293.9000	3329.2100	36322.1200	17584.8700	1935.9700	5816.2000	4972.9000	4977.1300	71905.0000	3900.3900	3143.8000	2195.4100	6599.4000	10306.8300	2835.1600	23637.3900	
1293148800000.0000	2515.5200	2553.0700	1194.3700	346.2700	1459.6400	8189.4400	3280.4600	31391.4500	20073.6600	1855.9700	6249.7000	4793.8000	4804.6200	69228.0000	3867.9700	3215.2200	1444.1900	6613.4000	10828.8500	2865.4500	19842.2000	
1290038400000.0000	2563.1700	3030.1800	1197.9600	306.2700	1259.0700	7838.1000	2947.3400	33840.8500	19930.6400	1627.4300	6617.8000	4717.0000	3860.7100	67285.0000	3332.4600	2844.0200	1502.8300	5942.3000	9321.8200	2363.9500	22208.5000	
1278288000000.0000	2428.0600	3035.1100	1147.7000	355.8900	1312.4800	8091.3000	3310.2500	35843.8100	17441.4400	1688.3900	6276.0900	4686.8000	3758.3900	68442.0000	4050.5400	2971.9700	1450.0600	6889.0000	10371.0900	3145.3500	24144.6700	
1270771200000.0000	2795.4500	2945.0300	1099.5100	339.0500	1456.9600	7429.6100	3333.0700	33258.5300	17933.1400	1818.8600	5648.3400	4896.3000	4760.8800	68031.0000	3842.9400	3224.9700	1991.2200	6513.0000	9995.0200	3030.9900	22109.9500	
1288742400000.0000	2630.8100	2762.0300	1165.7300	338.1700	1263.7600	7493.1100	3230.2300	31892.1200	20465.7400	1595.8100	6132.9500	4654.2000	3853.5800	67163.0000	3762.3500	3097.3500	1516.9500	6334.4000	10141.1000	2611.3500	20534.0100	
1285632000000.0000	2492.2500	3000.3900	1121.9000	323.1300	1317.6900	8704.3900	3111.0600	33164.3300	20104.8600	1711.9500	6261.6800	4628.8000	4123.4700	64438.0000	3725.2100	2794.0600	1472.5000	6567.6000	10924.7900	3018.1300	20778.5500	
1266364800000.0000	2413.7300	2937.4900	1103.3200	345.6100	1333.1700	8081.5500	3237.5500	32921.6300	16428.9100	1962.5200	5709.6600	4574.1000	4989.0500	69338.0000	4000.4800	2888.3700	1858.4900	6894.2000	10585.9200	3019.1800	21658.3500	
1269475200000.0000	2413.1900	2770.5600	1117.5100	337.2700	1324.2200	7762.2700	3178.4700	30876.6500	17558.8500	1733.9100	6216.9800	4816.0000	3814.6000	66656.0000	3767.1500	3066.8100	2062.9400	6471.8000	8991.0600	2688.3200	20272.1800	
1284336000000.0000	2379.9500	2772.8200	1223.7500	334.0400	1411.0500	7722.9100	3147.3700	32814.6200	19208.3300	1660.0400	7001.9100	4854.2000	3798.8200	68575.0000	3812.1300	2720.8700	1587.6600	6550.1000	9220.8800	2934.7100	20286.7100	
1265068800000.0000	2293.2600	3077.6300	1191.3600	336.0600	1336.0500	7666.3400	3047.5000	37880.1300	16163.4400	1729.5600	6084.3400	4819.6000	4480.3500	65585.0000	3687.2100	2833.4000	2058.4100	6447.1000	9711.8300	2513.2200	23428.1500	
1276819200000.0000	2454.8700	2939.5700	1138.5000	346.2100	1282.9700	7289.3300	3281.8600	32952.8600	17570.8200	1735.5300	5875.9100	4404.1000	4304.0000	65748.0000	3810.5000	3191.8800	1542.9900	6462.5000	9279.6500	2875.8600	20949.4000	
1291680000000.0000	2719.8900	2930.2000	1064.5900	344.5500	1311.7500	7534.4600	3280.5600	32520.2700	19934.6400	1630.4000	5951.1700	4394.8000	3836.3300	61841.0000	3787.0000	2932.0400	1533.7600	6576.4000	10235.7600	2900.3300	21196.8700	
1272412800000.0000	2541.6300	2743.8500	1093.6700	338.1700	1334.2700	7598.7200	3222.8100	31755.3500	17380.0800	1675.6500	6142.1500	4436.7000	4129.3900	63284.0000	3903.5400	2834.5700	1707.3500	6851.2000	9625.9900	3053.2300	20597.3500	
1268006400000.0000	2573.1900	2803.5200	1070.7100	317.0400	1463.5000	8449.3400	3007.4400	32720.7600	17102.6000	1651.5100	5981.2700	4277.8000	3855.3800	62866.0000	3507.4400	2938.7400	2087.4500	6183.1000	9369.3500	2610.7400	20589.7000	
1282867200000.0000	2510.9500	2720.5700	1060.2700	335.2000	1257.6700	8237.7800	2981.3600	31245.8300	17998.4100	1938.9600	5992.8600	4500.7000	4958.4500	72607.0000	3600.5700	2955.6700	1547.0100	6194.2000	10123.5800	2562.4100	19496.9500	
1279756800000.0000	2485.4100	2650.3200	1136.9400	321.2100	1472.9500	8163.8200	3054.7600	32035.1900	18113.1500	1872.8100	6066.9200	4872.9000	4795.3800	69430.0000	3503.0800	2715.4400	1612.3800	6316.6000	9516.5600	2568.2800	19857.0700	
1275350400000.0000	2474.8500	2777.4500	1225.8500	317.5600	1359.7100	7976.7400	2961.7400	31580.6300	16572.0300	1593.9000	6754.2000	4636.9000	3845.0500	67597.0000	3483.4400	2861.0300	1527.6000	6099.2000	9551.0500	2421.1200	19715.2000	
1278460800000.0000	2456.9400	3100.5700	1141.2000	326.5700	1265.0300	7542.0400	3170.7400	36317.5100	17471.0300	1823.8800	6229.0200	4656.3000	4821.9000	68107.0000	3543.5500	2833.6900	1491.7600	6428.9000	10355.9800	2559.9300	24876.8200	
1274054400000.0000	2836.8300	2930.5800	1109.1700	346.9000	1351.8200	7787.4500	3319.1600	33330.3400	16835.5600	1781.1300	5722.0500	4702.7000	4482.8200	67223.0000	3916.7300	3240.3100	1634.6100	6587.7000	9503.6600	3129.5000	22358.1700	
1288915200000.0000	2650.3200	2803.1600	1125.0700	334.3900	1521.2900	8753.8400	3178.0900	32172.1100	21004.9600	1616.4200	6261.8700	4563.0000	3774.2000	63934.0000	3715.1800	3097.6300	1507.7900	6296.3000	10285.8800	2655.6600	19894.0200	
1285804800000.0000	2677.0700	2932.4100	1121.0600	325.6000	1346.3800	8004.2500	3107.0900	33046.6900	20069.1200	1769.0700	6286.2500	4644.1000	4366.6500	66443.0000	3769.5400	2757.1400	1471.0400	6709.7000	11057.4000	3018.1300	21725.6400	
1266537600000.0000	2517.3700	2835.0000	1063.1100	335.8600	1488.6500	8046.2300	3195.2800	32685.5200	16191.6300	1988.9600	5533.2400	4504.4000	4964.0500	67879.0000	3755.6400	3071.0300	1927.6200	6434.0000	9539.4500	2652.5000	21473.6000	
1284508800000.0000	2703.8200	2695.1100	1115.0100	333.1400	1328.2200	7779.0800	3045.1100	30603.7100	19502.1100	1741.5600	6194.2100	4827.5000	3865.4500	67530.0000	3730.5800	2984.2900	1560.0800	6395.0000	10563.9200	2595.2700	20341.6400	
1281398400000.0000	2333.4600	2825.6300	1233.0000	323.2300	1297.9900	8337.8200	3148.9400	32958.8900	18219.9900	1857.3200	6964.1600	4833.9000	4765.0100	69864.0000	3689.2500	2744.9800	1666.0100	6396.5000	10855.0800	2995.3100	20839.9100	
1265241600000.0000	2907.7700	3076.1200	1186.6900	337.8200	1294.4400	7360.2800	3021.1900	37567.3900	16224.9500	1662.2400	6135.7000	4727.3000	3813.9800	69979.0000	3636.1800	2966.9900	1951.7000	6199.5000	9914.1900	2588.6800	23171.8000	
1280102400000.0000	2724.1200	2926.7100	1165.9000	349.3800	1324.3100	7647.2500	3280.5600	32687.3200	18020.0500	1711.7800	6490.6900	4829.8000	3802.9200	69401.0000	3858.0500	3210.2000	1625.2100	6537.6000	9585.3200	2810.9500	21108.5900	
1291852800000.0000	2752.9100	3012.5800	1145.6100	345.9100	1517.4400	8870.7600	3286.1300	34452.2100	19242.3600	1661.8400	5936.7200	4936.1000	3890.6200	68041.0000	3816.9900	2974.6100	1542.4100	6616.8000	10292.6300	2870.6100	23763.7300	
1272585600000.0000	2446.4900	2948.6100	1102.8300	339.1500	1503.2000	8374.9100	3257.9400	32505.7600	17558.7100	1723.0100	5918.5500	4506.3000	4180.9500	69633.0000	3807.1700	3192.2900	1869.9900	6472.0000	10115.1900	3001.8500	21208.2900	
1287446400000.0000	2650.0500	2870.8000	1077.9600	340.9700	1334.5200	8029.7300	3226.1900	32482.7300	19983.1300	2033.3200	6054.6300	4414.5000	4835.2200	70792.0000	3943.5500	2862.2900	1573.0800	6873.6000	11161.2300	3048.9300	21460.0100	
1268179200000.0000	2500.9600	2749.1000	1258.5100	339.0300	1308.2300	7559.1600	3247.1000	31331.8600	17098.3300	1944.3400	6065.2400	4731.8000	4988.0800	59689.0000	3977.4600	2912.0200	2139.8000	6603.8000	10186.8400	3237.1000	19786.7100	
1263772800000.0000	2401.4300	2711.1800	1197.8400	327.0300	1319.2100	7947.4500	3024.1000	32004.3100	17641.0800	1710.5900	6972.1000	4978.4000	3816.5400	69939.0000	3557.3400	2793.4700	2090.2900	6418.8000	10986.4700	2552.6600	20378.6600	
1275523200000.0000	2480.0200	3000.9000	1197.3000	324.4200	1466.9700	8158.3300	3005.2500	38147.5100	17022.3300	1630.0800	6822.0500	4414.3000	3849.7500	67089.0000	3554.4800	2917.1700	1563.5300	6210.5000	9626.0900	2470.9200	22621.7300	
1278633600000.0000	2447.9400	3024.2900	1115.0500	356.6900	1349.3300	7829.7900	3296.6300	36710.4600	17833.5400	1691.9900	6230.8300	4907.2000	3745.5100	65966.0000	3858.7200	3183.7000	1527.6200	6569.1000	9212.5900	2732.9900	23524.0200	
1293494400000.0000	2235.2100	2719.9700	1173.2200	342.4200	1355.1900	7784.8100	3309.9300	33819.0400	20025.4200	1827.3500	5988.6700	4685.1000	4384.4600	66808.0000	3818.8900	3190.9200	1411.0900	6532.6000	9753.2700	2884.3700	22103.5300	
1290384000000.0000	2681.3900	2993.2600	1125.5900	354.4300	1323.4400	7612.6800	3121.8800	30992.7600	19957.5900	1721.7500	6156.8500	4422.4000	4354.0300	64811.0000	4031.9900	2971.6000	1460.3300	6885.9000	10112.8900	3161.2500	19578.9800	
1271116800000.0000	2691.7800	2908.8700	1083.6100	321.4500	1286.2700	7157.8300	3251.1000	33416.1000	17821.9600	1773.4700	6209.7600	4542.1000	4078.0000	61183.0000	3511.6700	2774.5400	2015.5600	6374.4000	9520.8000	2587.8100	21237.4300	
1274227200000.0000	2538.3900	2773.6500	1106.1300	343.9600	1492.0500	8312.1500	3212.2600	32041.1300	16408.4900	1731.4800	6135.1700	4581.3000	3860.6600	68226.0000	4000.6600	2929.1400	1636.4800	6850.6000	10039.5600	3123.8000	21970.8600	
1269820800000.0000	2402.0200	2806.8200	1095.3100	334.5400	1491.0200	8131.2300	3006.9100	32665.5600	17711.3500	1637.9700	6178.9400	4350.7000	4974.7700	69652.0000	3722.0200	3076.3700	2137.3700	6389.0000	9376.4800	2598.6900	21105.7100	
1284681600000.0000	2647.8100	2770.5400	1050.4700	324.1200	1311.2000	7748.3300	3022.1800	32470.7000	19594.7500	1901.8000	6269.0400	4690.2000	4786.8300	69341.0000	3621.0700	2927.0400	1524.1500	6279.4000	10751.2600	2575.4800	21091.1800	
1281571200000.0000	2440.5800	2672.0800	1189.4000	335.0300	1072.6900	7616.2800	3054.1900	30739.0100	18073.9000	1874.6900	5904.9500	4696.4000	3824.4900	65145.0000	3670.3600	2985.3800	1628.2800	6277.5000	8824.0600	2633.6600	20819.0800	
1262304000000.0000	2904.4700	2995.7800	1180.2600	339.8000	1270.7800	8220.9300	3264.2500	36904.5300	17957.3700	1662.7400	6848.9800	4831.5000	4525.0100	68200.0000	3705.3200	2872.3000	2196.1600	6463.5000	10737.5200	2588.7000	19378.1500	
1280275200000.0000	2666.7700	3040.2200	1149.9900	317.5400	1518.9100	7426.9600	3264.9200	34965.2500	17749.6900	1742.7500	6611.0100	4438.8000	3813.9300	66121.0000	3413.7200	2751.8800	1688.0000	6291.0000	10101.9600	2511.7300	22877.2500	
1277164800000.0000	2790.5400	2944.5100	1049.3300	336.2600	1488.5400	8907.9100	3225.1400	32578.0500	16781.0700	1714.3800	5945.1100	4895.1000	3787.7100	69305.0000	3728.6500	3158.0800	1569.9900	6483.6000	10228.9200	2871.7000	23649.4800	
1275868800000.0000	2397.8100	2756.3600	1138.0400	341.9200	1338.8300	8297.0500	3036.1000	31679.8500	19136.6100	1587.5100	5925.2200	4614.9000	4927.5300	69629.0000	3878.2700	3163.5300	1403.9200	6512.2000	10030.1100	2983.5300	21209.7400	
1290729600000.0000	2733.6500	2833.3800	1102.9400	339.5700	1285.7300	8171.9400	3227.2500	32025.3400	20260.5800	2051.0000	5851.5300	4886.7000	5003.8500	70524.0000	3927.4000	2881.3600	1436.6600	6836.6000	11273.7900	3013.4100	20536.4900	
1287619200000.0000	2549.2200	2759.0200	1257.8800	316.4700	1526.5300	7237.7100	3151.6900	31649.1000	17166.6200	1925.9800	5532.3300	4673.2000	3828.5900	60259.0000	3490.7900	2950.3300	1586.1100	6180.9000	9784.5400	2638.8000	21286.1700	
1268352000000.0000	2501.8500	3162.1000	1198.3500	336.3000	1462.2700	8445.6300	3334.2700	38243.1400	17971.1200	1743.9100	6914.1900	5024.1000	5024.9000	71679.0000	3928.9500	2893.1300	2115.6500	6586.5000	9694.4900	3151.8500	20399.5700	
1283212800000.0000	2634.0000	2987.6300	1211.6700	314.8500	1266.4300	8246.1000	3269.2200	37079.2800	17474.4900	1947.4600	6823.8000	4325.8000	4787.0800	70385.0000	3640.7700	2749.1500	1555.4100	6644.0000	9381.0600	3060.6200	22999.3400	
1263945600000.0000	2407.5900	3057.7500	1087.6900	356.3600	1320.5700	7597.4400	3321.1200	34134.2300	16254.2000	1879.2900	6291.4500	4820.8000	3817.5700	66108.0000	3850.7600	3212.4600	2030.2800	6436.0000	10352.1000	2759.5700	23023.8600	
1267056000000.0000	2483.8600	2668.1400	1213.4000	337.2000	1235.2200	7920.0600	3050.0800	30629.1500	20389.0700	1628.9000	5829.2500	4678.4000	3763.1200	70372.0000	3747.6100	3137.0100	1872.5300	6449.8000	11089.9400	2859.9400	22157.8200	
1293667200000.0000	2375.0900	3101.4600	1137.0300	355.5700	1360.9200	7215.8800	3321.7700	36198.0300	19459.8500	1692.8500	6787.8100	4731.0000	3734.2200	63153.0000	4065.6500	3016.9400	1423.9200	6967.6000	9951.8200	3164.9700	24710.6000	
1290556800000.0000	2837.8700	2935.1200	1094.6000	313.4100	1325.8700	7760.6300	3228.9200	34040.1700	17639.2600	1552.7900	6134.2100	4893.1000	4364.1500	67515.0000	3430.7400	2701.2000	1450.8100	6206.6000	9537.3000	2583.5200	22618.6600	
1271289600000.0000	2558.8900	2781.7900	1169.4300	347.7400	1509.7900	7589.8900	3126.3700	31850.2400	16445.6100	1759.3300	5604.0700	4538.8000	4075.2700	63937.0000	3945.7100	3313.6100	2028.5500	6581.9000	9928.3400	3135.0000	20623.0000	
1274400000000.0000	2269.7300	2977.4100	1056.7400	330.4000	1342.8900	8736.5900	3267.9900	33266.4300	20932.4800	1739.8700	6153.5500	4507.4000	4945.1800	69126.0000	3649.8100	3168.9900	1595.1000	6248.8000	10293.8900	2655.6600	21239.3500	
1289260800000.0000	2725.5600	2665.7800	1101.6000	320.9900	1290.0800	7930.7700	3093.4500	30649.4400	20475.7300	1996.5900	5484.8500	4504.1000	3849.5400	64869.0000	3707.0600	2782.5500	1541.0200	6649.1000	9439.1300	2982.5700	19550.8900	
1286150400000.0000	2645.3200	2775.9800	1073.6900	344.2200	1326.6700	7071.6700	3034.6200	32308.7400	16286.3200	1718.7500	6147.9700	4841.2000	3903.4000	61479.0000	3974.0100	2887.4600	1488.7100	6873.4000	10908.7700	3109.1000	21029.8100	
1266883200000.0000	2465.4200	2694.4500	1240.4600	316.5000	1481.4100	7854.2200	3049.4700	32312.7600	17527.7700	1647.2200	6115.4800	4753.3000	3800.2700	69098.0000	3607.2700	2693.6200	1922.6900	6347.1000	9588.8800	2935.1700	20733.4900	
1269993600000.0000	2581.0100	3103.8600	1173.6000	330.6400	1441.0700	8244.1900	3291.2900	37894.3400	15935.6100	1705.3000	7029.3900	4402.6000	4699.1800	70809.0000	3643.1400	2987.7000	2067.4900	6200.8000	9062.8400	2637.5000	23317.6100	
1265587200000.0000	2480.0100	2853.6300	1055.6900	329.2200	1300.4500	7720.8200	3298.0200	32120.6500	17868.2900	1897.0700	6006.8600	4939.4000	4597.6000	66808.0000	3555.3600	2847.6100	1806.4000	6320.6000	10590.5500	2566.7500	20763.0500	
1280448000000.0000	2384.3600	2680.1300	1197.5200	351.3000	1385.5100	7927.3100	3000.1100	31209.3300	17730.2400	1775.7300	5984.7500	4740.5000	3774.8200	66220.0000	3892.4400	3182.3200	1681.9800	6519.1000	9240.5400	2922.9500	19621.2400	
1277337600000.0000	2590.6200	3007.7800	1165.1500	335.8600	1332.8700	7924.1000	3282.2000	33439.7700	19691.7800	1684.3500	6162.4400	4563.0000	4513.6600	67638.0000	3689.2900	2901.1800	1468.8600	6488.4000	9537.2300	2835.2800	21405.1700	
1292198400000.0000	2656.6500	2987.6500	1090.1000	320.6300	1291.4200	7597.4200	3232.6600	34464.8200	17137.1400	1761.9900	6291.6700	4771.9000	4203.6700	63686.0000	3446.7700	2745.8000	1499.3900	6319.2000	10681.6600	2583.8700	22944.1800	
1272931200000.0000	2623.3400	2834.8400	1091.7600	348.5700	1513.7000	8237.4200	3082.4800	32417.3300	16657.8900	1735.0800	6083.8500	4503.9000	3681.0600	70451.0000	3970.4700	2960.9300	1729.6800	6803.7000	9861.4600	2980.3000	20868.9200	
1276041600000.0000	2532.1000	2773.9400	1094.1600	336.5300	1479.6100	8436.9500	3190.4300	30830.9100	17400.6800	1683.4500	5695.3200	4400.0000	5013.9700	71195.0000	3763.1800	3153.3400	1461.8300	6363.2000	9691.4300	2738.7400	20726.1800	
1271635200000.0000	2429.2700	2794.1700	1095.3400	326.5700	1335.9400	8284.0300	3018.1800	32408.3000	20250.2600	1914.7300	6186.3100	4930.5000	4758.4200	70541.0000	3631.4300	2986.6600	1944.1100	6333.6000	11286.0900	2655.7800	21022.7300	
1286496000000.0000	2593.6500	2781.5400	1141.6900	329.4800	1475.9900	8025.9300	3008.9000	32185.2000	18238.3100	1903.9500	6191.1300	4810.3000	4818.2700	67719.0000	3820.7800	2819.7100	1528.4800	6494.0000	9602.1100	3128.5900	20431.0600	
1283385600000.0000	2451.7100	2887.7600	1213.5400	327.6700	1370.5800	8196.4000	3284.8100	33064.5700	16859.6800	1723.4900	6019.3600	4738.0000	4464.4400	66702.0000	3647.9300	2919.3700	1613.4100	6362.9000	9196.6700	2666.3000	22269.4500	
1264118400000.0000	2815.8000	3066.4300	1159.9700	333.7600	1288.2400	7941.2200	3331.5000	36304.5400	18257.1200	1743.3100	6723.4100	4664.9000	3624.1000	70240.0000	3637.7600	2928.7000	2033.7600	6298.6000	10681.8300	2450.2900	24700.3000	
1282089600000.0000	2391.4700	3001.3100	1139.7800	340.5500	1246.1700	8211.4000	3235.0400	34370.6400	17985.9000	1690.6200	6270.7300	4465.4000	3752.2000	65051.0000	4024.8000	2913.2500	1664.5000	6555.4000	9963.9900	3192.7800	22880.4100	
1278979200000.0000	2363.1100	2943.7500	1079.3800	344.8300	1509.1000	7441.8400	3236.7600	33296.6900	17615.7200	1570.1200	6275.9800	4939.5000	4996.8600	67870.0000	3867.3500	3293.3900	1567.4800	6517.0000	10309.7800	3147.7400	22002.5900	
1262822400000.0000	2607.5000	2777.7100	1136.5200	336.9700	1331.8700	8756.7100	3023.5300	32119.8800	20589.0900	2017.4800	6110.5700	4533.0000	3779.7300	63414.0000	3764.9100	3190.0700	2310.1100	6351.0000	10695.6900	2655.6600	21112.1200	
1289433600000.0000	2720.6700	2883.1600	1068.1300	338.9400	1294.6700	7579.4800	3268.1900	32732.7600	20543.0800	1684.7100	6031.8600	4853.4000	3969.2300	63605.0000	3784.4000	3095.3900	1493.5900	6420.4000	9705.2500	3157.9600	22279.5800	
1286323200000.0000	2580.9700	2685.9600	1235.2300	323.1400	1485.2300	7299.4900	3085.5100	30746.0500	20001.5500	1675.3400	5536.3700	4598.6000	4956.9600	67705.0000	3597.6000	2933.5100	1552.5500	6285.7000	9937.0400	2591.5500	19922.2200	
1270166400000.0000	2744.8200	3114.1900	1128.1500	342.0200	1491.4400	8372.4800	3297.9200	37676.5500	18050.7800	1904.6300	7016.3700	4516.5000	4808.7500	69580.0000	4012.9100	2920.2800	2095.0200	6579.3000	9401.1600	2661.7100	22975.3500	
1285027200000.0000	2453.6100	2775.6600	1091.6000	316.1000	1298.8600	8306.9800	3217.9200	31398.9700	17686.2400	1915.7100	5908.2600	4676.4000	3818.2700	69942.0000	3635.6100	2734.3900	1506.7100	6334.0000	10721.7100	3282.1800	20133.4100	
1281916800000.0000	2442.1400	2722.2400	1180.5500	350.7900	1333.6400	7695.6300	3041.2600	32124.2800	15922.1700	1648.0100	6047.8300	4780.6000	3829.7800	67228.0000	3880.1900	3147.2000	1632.1600	6560.4000	11090.0500	2982.5000	19872.3800	
1262649600000.0000	2371.7400	2923.9300	1185.6200	326.1900	1283.4000	7990.5300	3264.5000	36817.3200	19647.7700	1747.5800	6688.4900	4809.1000	3782.0400	66677.0000	3556.1100	2839.6500	2277.6000	6387.5000	10172.0600	2911.4100	23007.9900	
1265760000000.0000	2293.3700	3040.1700	1159.4600	325.5600	1395.0200	7577.7500	3207.8000	35262.8900	16987.5300	1775.5400	6639.2100	4980.5000	4513.3100	63489.0000	3555.5200	2796.2900	1940.8200	6426.7000	9179.3800	2739.7000	23627.9100	
1292371200000.0000	2278.8000	2941.6900	1205.9400	327.4100	1334.0800	7927.3100	3304.9700	32723.9000	17064.9500	1751.2900	5970.9900	4694.9000	4221.6100	59184.0000	3610.4400	3144.7000	1484.9900	6312.4000	9685.5300	2569.9400	21022.9300	
1273104000000.0000	2496.4600	3008.5700	1115.7100	342.5300	1250.1300	7704.5200	3164.1500	33517.1800	19521.2500	1560.8300	6230.3800	4462.1000	3727.8400	60936.0000	3870.0000	3182.0800	1678.4200	6513.6000	9459.8900	2820.1800	21510.9300	
1276214400000.0000	2449.5700	2826.8600	1071.6900	339.2600	1314.0200	7086.3700	3000.4000	31765.1400	20303.1200	1698.2900	5713.5100	4456.7000	4065.2900	68794.0000	3938.9500	2896.4300	1484.1300	6874.4000	9382.6400	3051.4200	21056.9300	
1291075200000.0000	2545.7100	2740.2800	1096.4800	353.6600	1458.0800	7329.3700	3002.3200	32291.6700	17383.1800	1593.6600	6005.1600	4286.3000	4730.8600	65855.0000	3977.6700	2967.6500	1419.6700	6814.7000	10092.1900	2992.8400	20981.8200	
1287964800000.0000	2389.5100	2751.0100	1074.0300	324.3700	1253.3900	8202.5400	3003.8300	32381.0600	17472.5600	1790.6000	6149.3600	4324.8000	3770.7700	67997.0000	3769.5400	2774.0600	1637.1500	6791.5000	9694.0100	3033.2800	20255.6200	
1268697600000.0000	2822.8400	2602.6400	1030.7100	318.0200	1363.8300	7957.5300	2972.0900	30634.1700	18401.8200	1732.0300	5670.0400	4680.0000	4399.5800	64225.0000	3526.1200	2936.4800	2112.6700	6185.8000	9693.9400	3087.8400	18985.5000	
1271808000000.0000	2764.8400	2598.1900	1124.8300	329.7600	1325.5400	7500.7900	3228.0300	31156.9700	17909.4600	2026.3000	5965.5200	4588.8000	5006.5900	67981.0000	3581.8200	2943.5500	1936.4300	6291.1000	10303.8300	2642.3100	20128.9900	
1267401600000.0000	2701.3500	2926.0200	1075.5100	305.0300	1499.8800	8817.9000	3080.4700	33091.1300	16022.4800	1950.2600	6184.7100	4586.5000	4978.2800	69527.0000	3331.2900	2650.6100	1969.4700	6091.5000	10168.5200	2424.3000	20268.6900	
1282262400000.0000	2583.6300	2690.3500	1120.4600	316.8100	1503.2200	8585.7700	3050.3900	31005.7400	17700.9000	1909.5400	5500.3900	4409.7000	4877.6200	70569.0000	3442.8900	2835.5100	1589.7400	6128.1000	9387.0300	2622.6300	21457.6600	
1279152000000.0000	2731.0300	2846.2800	1074.5700	332.8200	1499.1100	8291.0400	3008.4100	32768.0800	19861.0100	1675.1700	6307.9100	4853.0000	3802.2300	69697.0000	3710.6100	3083.1300	1608.7600	6303.2000	10744.0300	2398.3700	20726.6800	
1274745600000.0000	2646.7500	2679.4000	1243.9100	315.7400	1301.9400	7886.3400	3325.1100	32568.1900	18114.8300	1737.0300	6157.2200	4761.8000	3836.0200	69509.0000	3599.0700	2758.9000	1539.9000	6416.2000	10914.4600	2591.5500	22714.8500	
1277856000000.0000	2496.9900	3111.3200	1221.5300	339.0000	1336.7800	8004.8900	3285.4900	37997.3400	17774.2600	1868.0400	6982.4500	4720.5000	4666.7700	66747.0000	3747.5100	3014.7700	1434.2200	6337.7000	9388.6400	3018.1300	23448.7800	
1285200000000.0000	2545.6700	3050.8400	1182.4500	330.4600	1486.5700	8090.2200	3280.3400	37399.4700	19992.7000	1792.4200	6957.6100	4877.7000	4634.1000	65524.0000	3576.4500	2869.9900	1501.8700	6311.1000	9301.3200	2627.0000	23164.5800	
1265932800000.0000	2456.9800	2986.0200	1165.8300	352.0500	1434.6800	7890.9500	3220.6900	35262.9000	20005.3700	1637.3400	6568.0000	4913.5000	3809.3700	67641.0000	3867.3500	3153.0100	1899.4200	6538.2000	10325.2800	2535.2800	21330.6700	
1280793600000.0000	2660.3900	2954.5700	1217.2800	341.4500	1283.0200	7598.8100	3301.6600	32969.8300	17519.2600	1622.4400	6012.3100	4686.3000	3708.9100	70433.0000	3747.0400	3197.9600	1769.9300	6483.4000	10253.1400	2893.7400	21244.4900	
1277683200000.0000	2422.3400	3013.4900	1169.7700	337.9900	1286.1000	7629.5200	3230.8300	33853.6900	17694.2000	1694.1200	6259.5300	4615.7000	3744.1700	62092.0000	3815.7700	3124.3800	1447.1500	6479.2000	9639.7200	2843.6100	23121.7000	
1292544000000.0000	2894.5500	2990.5200	1092.1700	341.9500	1294.5100	8323.8200	3143.1400	34437.3900	20203.3400	1607.5000	6304.5700	4743.8000	3812.2500	68215.0000	3938.1800	2913.9400	1498.0100	6897.7000	10370.5300	2997.0500	21355.7700	
1291248000000.0000	2706.8500	2869.7200	1118.7900	353.3800	1269.1600	7243.1600	3209.0600	32746.6700	18560.0500	2037.0900	6155.0400	4981.2000	4950.9400	61430.0000	3951.3000	2988.4900	1474.0500	6768.0000	9827.5100	3046.0900	20109.3300	
1288137600000.0000	2233.7500	2760.7600	1146.9800	335.0900	1505.1800	8827.7900	3198.5200	30651.5600	17000.0100	1913.8100	5668.9300	4399.1000	4955.9700	71096.0000	3748.8600	3149.3600	1577.8900	6375.3000	9203.7100	2983.5400	20876.7900	
1268870400000.0000	2708.3900	2890.1200	1103.0600	330.5300	1501.5600	8240.6500	3303.7500	32353.5400	17526.7100	1671.8200	5817.8800	4862.5000	4060.1300	65224.0000	3684.7300	3034.5800	2019.6200	6418.3000	11282.3200	2841.4100	22411.5200	
1271980800000.0000	2555.2900	2896.4700	1254.6000	329.6500	1307.4400	7330.7400	3034.8300	32935.3800	16666.4000	1726.0900	6040.5000	4773.3000	3853.7500	69042.0000	3807.0400	2740.3300	1857.9600	6484.2000	10394.0300	2696.2500	19431.3700	
1286841600000.0000	2561.0600	2736.1400	1197.7500	331.8600	1344.3700	8089.6500	3319.1000	32056.1600	20060.3200	1663.0300	5937.1400	4264.9000	3890.0500	68412.0000	3842.5200	2782.7900	1542.6200	6813.2000	9653.9200	3019.3900	22993.8600	
1283731200000.0000	2540.3100	3151.0100	1022.5800	340.5200	1344.1000	7602.7000	3328.2300	38230.8600	20309.6900	1672.6700	7077.9900	4974.1000	3778.8300	65453.0000	4043.0900	2933.5300	1673.4000	6592.3000	10530.7000	3097.0000	24027.1800	
1264464000000.0000	2522.1400	3069.6700	1189.4400	321.1600	1293.6500	7835.9800	2938.1100	31379.6700	17460.9500	1783.8600	6790.1700	4599.7000	4441.3400	64442.0000	3525.3100	2739.7000	2052.7700	6305.2000	9887.8900	3212.7500	19905.3200	
1267574400000.0000	2427.7000	2558.8100	1171.6700	356.1400	1362.0800	7936.8500	3308.9100	33801.2100	17941.3700	1677.6300	5834.1500	4847.5000	3851.0000	70673.0000	3927.4900	3139.8500	2014.5500	6558.2000	9202.4500	2655.9200	21537.0000	
1263168000000.0000	2668.0700	3033.4200	1165.8100	345.5300	1333.9700	7664.7300	3156.0800	32379.6300	17195.8100	1690.0300	6252.2100	4584.9000	4035.9800	71692.0000	3864.2400	3236.8000	2315.3100	6526.2000	9583.5100	2904.1100	20212.4900	
1274918400000.0000	2683.8400	2842.2400	1125.8100	308.2000	1298.3700	7454.0600	3233.3000	33142.0200	17410.5700	1882.9500	6183.4900	4622.2000	4912.5300	66407.0000	3348.3700	2844.1900	1578.4200	5974.3000	9024.6000	3014.4100	20933.2500	
1292889600000.0000	2479.3000	2955.0000	1159.7300	355.6100	1505.6600	8287.0900	3044.6700	32907.1900	18172.8300	1899.7600	5987.5000	4517.6000	4771.0900	65588.0000	4053.9400	2975.5100	1459.2400	6886.2000	10414.2900	2382.9000	21551.7200	
1289779200000.0000	2473.2600	2833.3800	1115.2300	336.9000	1496.3800	8215.4500	3170.6200	32276.9200	17330.5500	1779.2200	6333.5800	4733.4000	4664.0700	68847.0000	3733.8700	2880.3300	1509.8500	6575.0000	10368.9600	3158.6800	20426.6400	
1278028800000.0000	2455.7800	2837.4100	1183.2600	338.1300	1434.1400	7851.3100	3043.9000	32685.4000	17412.8300	1642.4300	6017.9100	4765.9000	3774.0200	65156.0000	3928.0000	2889.1800	1451.0800	6866.4000	8995.1400	2655.7100	20062.1500	
1270512000000.0000	2413.6600	2755.0300	1173.8100	336.5700	1264.5100	7694.5800	3304.8900	35568.2200	20032.3400	1634.5700	6175.0500	4578.3000	3789.7700	63297.0000	3764.1900	3006.7600	2048.6900	6374.9000	10735.0300	3074.5800	23096.3200	
1273622400000.0000	2303.6800	3000.0000	1098.8700	335.2400	1299.7800	7666.2600	3262.6000	34836.5000	20497.6400	1760.5300	6601.3700	4697.7000	4506.3800	70385.0000	3720.2900	2880.4800	1749.5900	6482.0000	9811.6600	2620.7600	23852.1700	
1269216000000.0000	2651.8400	3025.3400	1084.5300	333.8200	1405.7700	7940.6400	3161.1800	32409.6000	18666.7100	1731.9500	6455.2700	4773.4000	4209.1400	68486.0000	3661.5100	2818.2100	2010.2200	6484.7000	11168.2000	2698.7600	21088.8600	
1280966400000.0000	2884.8900	2864.5100	1138.7000	337.2300	1333.3500	7649.8300	3183.6000	30811.3500	16306.8700	1671.4100	6164.4400	4418.4000	3760.0100	69709.0000	3833.5000	3142.6200	1745.3000	6472.2000	10462.5100	2569.9400	20356.3700	
1273449600000.0000	2678.6400	2697.6900	1051.8700	341.3300	1289.5100	8196.5600	3214.6400	32436.5300	16994.4900	2037.5300	5540.3300	4372.7000	4884.0900	71785.0000	3819.1700	3195.0200	1779.3000	6441.0000	9159.9800	2978.8300	20787.9700	
1276560000000.0000	2721.1400	2926.5800	1071.2500	331.4300	1514.4800	8898.8700	3024.6400	31364.8900	18311.5900	1897.1100	5877.3600	4900.1000	4900.6200	63412.0000	3677.2100	3011.4200	1530.0400	6387.0000	9603.1400	2879.6400	20658.7100	
1288310400000.0000	2479.9000	2720.0500	1145.6800	323.9500	1332.9300	8255.5400	2964.6000	31845.8800	17928.4200	1733.7800	5935.4400	4888.2000	3828.9700	68816.0000	3688.7900	2757.6800	1547.4300	6442.4000	10034.2500	2695.2900	20090.9500	
1287014400000.0000	2699.2800	2717.4900	1256.7700	338.6800	1339.3000	8057.6000	3276.2000	32836.0800	17509.8000	1695.6300	6009.1100	4705.1000	3839.4200	68913.0000	3910.4200	2790.2900	1541.7900	6847.8000	10815.0300	2994.1400	21748.6000	
1283904000000.0000	2529.4100	2861.1100	1178.5900	313.3900	1506.5700	7772.1300	3333.7600	38131.4700	19982.8800	1860.8300	5963.1400	4960.3000	4986.7400	66572.0000	3491.1100	2922.8500	1586.6200	6144.1000	10205.0200	3031.0600	22902.9700	
1264636800000.0000	2508.9300	3173.6200	1186.4400	322.0000	1464.7100	8344.7600	3289.3100	35842.4800	17714.4000	1601.0500	7057.6900	4643.0000	4777.4000	64541.0000	3486.3300	2945.4200	1985.8600	6156.6000	9999.4000	2650.3100	23214.4600	
1267747200000.0000	2584.7500	3003.3200	1135.6800	338.1800	1072.6900	8191.5400	3307.7600	33567.3500	16994.6000	1681.0100	6700.0700	4773.2000	3820.5500	69552.0000	4000.8600	2888.3800	2082.0600	6554.5000	10167.2300	2475.4200	21867.0400	
1282608000000.0000	2541.2500	3000.3800	1193.5700	356.2100	1309.4500	7822.7100	3191.0100	31812.7300	20345.6900	1606.4400	6171.8300	4722.2000	3774.4800	66511.0000	3911.3200	3137.7800	1544.2300	6573.3000	11212.6600	3172.6600	20145.4300	
1279497600000.0000	2399.9000	2780.9200	1142.1600	341.5000	1304.4700	7524.6700	3324.7600	33122.4400	20117.3800	1707.9200	6056.7100	4590.8000	3832.5500	66807.0000	3792.3500	3212.1000	1626.6000	6495.0000	9239.1700	2855.2200	23671.4200	
1263340800000.0000	2763.5700	3040.8500	1094.8700	350.8900	1501.7400	7515.7800	3239.1400	31644.7700	16226.6800	1953.6400	6654.3100	4903.2000	4083.3000	63867.0000	3978.4600	2963.1900	2173.6700	6791.0000	8906.4800	2838.8600	22340.8400	
1293062400000.0000	2700.9800	2943.1000	1167.7200	327.2400	1339.7200	8702.2300	3087.6100	33160.9700	16356.0300	1749.5500	6278.8900	4544.8000	4963.1500	64477.0000	3560.3600	2855.2100	1444.1900	6428.7000	9278.8300	3118.7100	21008.6200	
1289952000000.0000	2487.2700	2741.5000	1089.1900	342.0200	1408.0000	8146.4400	3232.7200	32775.3400	17616.6900	1802.5800	5592.1200	4547.0000	3803.0700	68978.0000	3865.7200	3205.2800	1464.6800	6541.5000	10982.1000	2696.6300	20243.7500	
1270684800000.0000	2399.0600	2973.5500	1116.0400	337.1700	1341.0200	7890.1100	3150.9700	37737.1300	19981.3100	1729.7600	6039.0000	4779.4000	4710.8600	63047.0000	3766.1600	3113.4600	1925.8200	6338.9000	9768.7000	3045.4300	20138.4000	
1273795200000.0000	2339.1000	2747.9500	1223.1200	318.8400	1298.5800	7689.7400	3045.7200	32679.3600	17690.6200	1748.7800	5654.4800	4913.3000	4455.1000	70898.0000	3669.0400	2758.9000	1658.2900	6497.7000	10022.3900	2627.9700	23237.6900	
1288656000000.0000	2688.4600	2770.9800	1183.7100	341.7400	1285.0100	7701.2900	3293.1800	32626.8700	18226.3500	1701.8000	6223.5400	4600.7000	4286.1400	62065.0000	3949.8100	2886.3600	1518.6400	6880.0000	9338.0400	3018.1300	21261.7900	
1285545600000.0000	2422.6300	3054.7600	1109.5500	331.3100	1506.0500	8356.8900	3291.9100	31217.9900	17977.2300	1641.2500	6954.3800	4389.4000	3756.1800	72996.0000	3762.0100	2736.1700	1496.3300	6496.3000	9358.7800	3056.8100	21257.3900	
1266278400000.0000	2732.4000	2953.5600	1047.2200	335.2600	1307.0800	7373.9800	3161.0000	32108.9900	17554.3000	1940.9600	6159.5100	4428.7000	3886.8600	69228.0000	3683.0800	2843.9500	1866.8700	6475.3000	9559.3800	2941.3600	20612.0600	
1269388800000.0000	2248.7100	2904.3000	1069.5900	342.3400	1511.7400	8306.1200	3018.2500	32262.3000	16944.6300	1684.9400	6214.7700	4929.5000	4965.1700	67836.0000	3749.2300	3181.4100	2062.9400	6412.2000	10335.6900	2560.2500	20487.2300	
1264982400000.0000	2721.3100	2719.1400	1136.0300	349.1200	1461.7800	7548.4800	3003.4100	32038.5300	19585.4400	1942.5000	5912.5800	4453.6000	4070.2700	68683.0000	3844.6000	2991.6800	2043.4000	6667.5000	10996.3700	2857.1800	21654.1600	
1276732800000.0000	2538.2500	2752.3200	1199.7300	334.9600	1259.0000	8357.8500	3257.9500	36601.4000	17614.4800	1866.4500	5990.3800	4717.7000	4973.0300	67692.0000	3725.8200	3022.2800	1514.8500	6467.7000	9299.3100	2907.9300	19765.1900	
1291593600000.0000	2562.0000	2851.6500	1028.0600	314.2200	1315.1400	8240.8900	3061.2300	31533.5800	20893.5700	1621.1900	5875.9700	4299.7000	4782.8300	67862.0000	3475.0300	2925.8700	1492.9200	6131.8000	9572.4900	2663.2100	23605.7100	
1272326400000.0000	2630.3200	2732.6700	1221.0600	326.3600	1474.4400	7876.8600	3268.1500	36198.6000	19956.3400	1697.7200	5964.3300	4817.5000	3859.9600	67109.0000	3493.9200	2926.0900	1696.6800	6132.7000	10404.3300	2603.4800	20084.1200	
1284076800000.0000	2511.4600	3025.9300	1144.7300	337.9900	1360.6600	8132.6000	2952.4000	33186.7600	16327.8400	1815.2500	6843.5500	4694.0000	3748.9200	68175.0000	3954.3800	2908.4200	1588.3300	6576.0000	10232.3300	2535.3900	24535.6300	
1282780800000.0000	2527.7600	2625.2300	1106.7500	320.7000	1267.1500	8034.4900	3326.2500	32170.7900	17644.7600	1790.1700	5940.9800	4673.9000	4800.8300	67978.0000	3507.5600	2752.6000	1541.7200	6312.6000	9901.1900	3224.1500	22378.6700	
1279670400000.0000	2538.1600	3092.5200	1166.5900	344.5800	1510.0600	7547.9800	3226.8800	33147.8100	19346.9600	1615.0200	6734.6900	4905.2000	4495.9100	61676.0000	3860.1600	3197.3700	1570.5900	6590.8000	9498.4900	2592.1500	20422.1500	
1263513600000.0000	2643.9000	2941.1800	1121.1000	314.4300	1335.8600	8703.7900	3101.7700	33058.0000	18287.5000	1955.7200	6246.9200	4669.1000	3851.6100	71736.0000	3423.3600	2868.0200	2144.5600	6063.1000	10567.6500	2888.5700	21053.1100	
1275264000000.0000	2267.3600	2786.2900	1127.7900	345.1500	1294.3900	8054.0500	3240.4800	32837.5700	16496.0500	1728.4200	5680.4100	4615.6000	3850.4100	69576.0000	3916.7800	3240.3100	1550.7800	6595.6000	9430.9600	2409.4200	21696.0400	
1290124800000.0000	2688.7200	2990.2600	1097.2800	335.8500	1480.7000	7344.5900	3197.5200	31287.0400	19696.4800	1664.1300	6120.0500	4673.2000	3864.1400	66323.0000	3737.1200	3106.0300	1492.6700	6311.6000	9603.2400	3086.9400	21801.5900	
1278374400000.0000	2486.2400	2937.0200	1228.2800	324.3000	1317.9400	8060.5400	3054.5000	37617.7700	17503.4700	1875.4200	6275.4100	4791.7000	4747.4000	62943.0000	3747.8300	2769.1900	1503.0700	6637.3000	10355.9900	2610.6800	20722.0800	
1288828800000.0000	2402.9300	2855.5600	1206.7800	343.8100	1345.6800	7770.5900	3135.1100	32861.0000	17117.6900	1660.8300	6351.6000	4816.1000	3792.3500	67803.0000	3988.9300	2906.2800	1497.7500	6839.0000	9535.7400	3018.1300	23092.5200	
1285718400000.0000	2364.8000	2754.4300	1064.8800	336.7300	1276.0200	7761.2200	3294.3400	30992.6500	20168.8900	1758.0600	5672.0900	4472.4000	4326.0000	63476.0000	3774.4000	3048.6500	1466.6700	6466.3000	11251.9000	3059.7200	20778.9200	
1266451200000.0000	2879.0600	3068.3300	1184.7100	335.8900	1511.7200	7195.7100	3282.2700	34919.3100	17052.5400	2022.1900	6975.8700	4723.4000	3883.7300	70614.0000	3777.3700	2995.0600	1882.1000	6391.7000	10242.6400	2688.5200	19780.0700	
1269561600000.0000	2331.5500	2957.3200	1140.4500	333.0300	1316.0300	8892.3100	3030.1400	32514.1700	18130.9800	1698.6400	6144.9100	4829.3000	4840.5600	60841.0000	3793.4700	2764.8400	2147.8300	6553.8000	9404.2300	2672.5300	23469.3800	
1284422400000.0000	2786.4200	2702.6600	1102.6600	346.7200	1339.6100	7608.8500	3262.3500	32806.0300	16741.8400	1710.3000	5938.8800	4475.1000	4175.9000	70229.0000	3831.9800	3202.8000	1563.3600	6508.1000	9509.5000	3003.8300	21207.5500	
1281312000000.0000	2501.8200	3032.1100	1098.3800	348.4600	1330.1700	8117.7500	3213.2100	31411.9100	20028.9300	1643.2400	6516.6300	4403.7000	3827.7000	67663.0000	3840.6200	2959.0100	1705.2300	6665.8000	9292.8500	2848.5500	20815.3300	
1265155200000.0000	2562.4400	2927.7500	1257.5400	321.2200	1466.3200	7585.3000	2994.9000	38132.8500	17651.7300	1876.7300	5885.8900	4374.1000	3855.2100	65790.0000	3455.6100	2806.5100	2018.9800	6299.0000	10057.0900	2868.4300	19471.8000	
1291766400000.0000	2510.4300	2806.3600	1070.2500	341.7200	1352.9100	8244.1800	3018.8900	31960.6400	17853.0000	1811.8500	6166.3400	5011.6000	4802.9300	62763.0000	3834.5000	3181.2700	1523.5100	6470.3000	9496.8500	2553.5900	22833.8000	
1272499200000.0000	2438.5600	2716.4900	1196.4800	339.0900	1247.9000	8099.7500	2983.9300	33852.3900	16875.7600	1758.1900	5981.2000	4500.0000	4813.5300	66674.0000	3910.0100	2839.5400	1829.2900	6868.3000	10238.0100	2955.2300	20050.5600	
1275609600000.0000	2392.6900	2697.6100	1120.8000	337.1400	1352.2300	7895.0300	3314.1400	31136.3500	20445.0400	1567.1200	6970.7300	4634.7000	4388.5200	64829.0000	3607.0500	2973.4700	1484.9000	6201.3000	10211.9500	3069.1400	22138.1700	
1287360000000.0000	2483.2900	3033.9200	1146.2400	322.5600	1335.2900	7217.8300	3151.6800	33807.4800	19417.4900	1768.3100	6035.6600	4650.0000	3696.2400	68342.0000	3501.5000	2727.5700	1557.2100	6368.8000	10079.7600	2572.0300	19944.9400	
1268092800000.0000	2448.1800	2800.2400	1124.6600	355.5700	1507.2800	7748.0100	3212.9400	32058.5700	18070.1900	1739.6800	6250.6900	4479.6000	4379.0800	69362.0000	3862.1900	3159.3600	2085.1600	6568.2000	9381.6000	2571.4200	21691.4500	
1279843200000.0000	2829.9900	2953.1200	1089.4700	322.6200	1496.4900	7635.5600	3195.6300	30630.7300	15790.9300	1986.1400	6155.9300	4532.5000	4117.0000	70405.0000	3538.2500	2897.1500	1590.5000	6155.7000	10664.9500	2781.4000	21294.5400	
1275436800000.0000	2684.0700	2923.4100	1066.1900	355.3400	1486.7800	8718.8300	3036.0100	32695.3100	18077.6100	1927.6800	6211.3400	4513.9000	4945.7400	69885.0000	4050.5000	2977.1700	1537.8200	6911.0000	11102.1800	2415.1500	19665.0800	
1293408000000.0000	2679.9500	2766.5900	1113.8400	331.0000	1321.4300	8349.9900	3104.9900	32882.0000	17876.5500	1870.4400	6249.6500	4632.7000	4988.6300	69421.0000	3617.3200	2844.3500	1404.2000	6470.8000	9149.2600	3129.2600	20973.3900	
1278547200000.0000	2518.3200	2652.2700	1113.2000	333.7800	1332.7700	8124.6200	3008.4300	37677.7800	19508.8900	1656.6200	6154.0700	4830.0000	4767.1300	64261.0000	3692.0900	3130.9000	1525.0900	6284.2000	10764.9000	2594.7800	20912.1800	
1271030400000.0000	2733.0800	2831.0900	1240.4000	334.6700	1422.4900	7749.6600	3068.2500	36969.2000	19318.1600	1734.4900	5434.3400	4683.3000	3816.3200	69909.0000	3736.3000	3067.1100	2061.0400	6424.2000	10344.5400	2655.6600	23162.9100	
1274140800000.0000	2418.3900	2796.5900	1178.1700	324.9900	1300.3500	8111.5700	3272.9200	34880.4700	19872.1500	1760.1300	6207.3100	4694.5000	3801.0800	68952.0000	3628.2900	2949.2600	1629.2400	6265.8000	11204.9000	2602.4700	23054.6800	
1285891200000.0000	2699.1100	3079.0400	1150.2400	315.0400	1524.3400	7741.2000	3264.6700	32602.9400	17167.9600	1710.2200	6292.9700	4825.5000	4487.4500	67953.0000	3563.7600	2683.5600	1468.5200	6264.3000	10030.3100	2607.5000	23556.5000	
1284595200000.0000	2941.6300	3010.6100	1192.1300	338.0800	1487.5300	8249.0000	3243.0100	33621.3900	17591.1800	2043.4900	7006.1700	5007.3000	3814.9700	71035.0000	3666.4000	2979.3800	1535.8300	6275.2000	9732.9200	2939.4000	21228.2000	
1281484800000.0000	2656.4800	3024.3000	1048.9200	341.0400	1335.8900	8866.3500	3223.4500	31382.6700	18032.1100	1928.9400	6879.6600	4483.1000	4888.1100	58192.0000	3736.1500	2885.6400	1649.8700	6519.6000	-5.0000	2575.3700	21865.2600	
1265328000000.0000	2795.3200	2937.5000	1150.2300	350.2100	1304.1600	8328.6300	3311.3100	32473.0500	17486.0600	1735.3300	6524.5500	4889.6000	4951.7300	72657.0000	3857.3500	3185.4200	1878.9100	6519.1000	-5.0000	2586.2100	20737.2200	
1280188800000.0000	2384.6800	3017.2200	1259.7800	338.7700	1519.8400	8097.1300	3036.8100	38230.2000	20256.0300	1600.1800	5928.6300	4871.6000	3838.3800	-5.0000	3760.4200	3159.2300	1692.3500	6502.1000	-5.0000	2841.0400	21677.9800	
1277078400000.0000	2718.3500	2878.8100	1180.7300	339.7100	-5.0000	7424.4300	3227.5900	36271.8300	19691.8400	1942.4100	6180.9000	4676.9000	3781.2200	-5.0000	3828.1500	3179.1500	1595.2100	6477.2000	-5.0000	2898.2600	22969.3000	
1291939200000.0000	-5.0000	3175.8900	1210.6500	339.0200	-5.0000	8430.5800	3325.6200	34113.9300	16519.6800	-5.0000	5912.4100	5017.9000	5003.1600	-5.0000	3928.9500	2873.9100	1506.3200	6851.7000	-5.0000	3003.9500	22896.1400	
1290643200000.0000	-5.0000	2948.7400	1071.5900	349.7500	-5.0000	-5.0000	3258.7700	30368.0800	20852.3800	-5.0000	5976.4800	4342.4000	-5.0000	-5.0000	3986.6300	3007.1900	1440.6400	6893.7000	-5.0000	3051.2800	22121.4300	
1287532800000.0000	-5.0000	3042.9600	1223.2500	315.5500	-5.0000	-5.0000	3335.5100	36543.3900	-5.0000	-5.0000	6995.4700	4855.3000	-5.0000	-5.0000	3487.0100	2957.0600	1589.1500	6205.2000	-5.0000	3130.3000	19545.8300	
1268265600000.0000	-5.0000	2672.3300	-5.0000	341.6100	-5.0000	-5.0000	3111.4200	-5.0000	-5.0000	-5.0000	6705.0000	-5.0000	-5.0000	-5.0000	4009.6700	2912.9200	2124.5800	6633.9000	-5.0000	2652.6600	24964.3700	
1271376000000.0000	-5.0000	3087.7300	-5.0000	358.3200	-5.0000	-5.0000	3316.4000	-5.0000	-5.0000	-5.0000	6278.4000	-5.0000	-5.0000	-5.0000	3890.6500	3207.9100	1995.2400	6566.6000	-5.0000	3246.8700	-5.0000	
1283126400000.0000	-5.0000	-5.0000	-5.0000	334.8200	-5.0000	-5.0000	-5.0000	-5.0000	-5.0000	-5.0000	5867.8800	-5.0000	-5.0000	-5.0000	3724.4200	3126.3000	1561.2000	6393.8000	-5.0000	2751.5300	-5.0000	
1263859200000.0000	-5.0000	-5.0000	-5.0000	356.6700	-5.0000	-5.0000	-5.0000	-5.0000	-5.0000	-5.0000	6750.5000	-5.0000	-5.0000	-5.0000	4057.7000	3019.7400	2101.5400	6916.6000	-5.0000	2828.2800	-5.0000	
1293580800000.0000	-5.0000	-5.0000	-5.0000	314.8600	-5.0000	-5.0000	-5.0000	-5.0000	-5.0000	-5.0000	-5.0000	-5.0000	-5.0000	-5.0000	3432.5200	2753.5100	1428.1500	6262.4000	-5.0000	3166.1800	-5.0000	
1290470400000.0000	-5.0000	-5.0000	-5.0000	346.6900	-5.0000	-5.0000	-5.0000	-5.0000	-5.0000	-5.0000	-5.0000	-5.0000	-5.0000	-5.0000	3913.7000	3300.4000	1451.4500	6600.4000	-5.0000	2555.9400	-5.0000	
1271203200000.0000	-5.0000	-5.0000	-5.0000	-5.0000	-5.0000	-5.0000	-5.0000	-5.0000	-5.0000	-5.0000	-5.0000	-5.0000	-5.0000	-5.0000	-5.0000	-5.0000	1987.3600	-5.0000	-5.0000	3159.5100	-5.0000	
1274313600000.0000	-5.0000	-5.0000	-5.0000	-5.0000	-5.0000	-5.0000	-5.0000	-5.0000	-5.0000	-5.0000	-5.0000	-5.0000	-5.0000	-5.0000	-5.0000	-5.0000	1582.2200	-5.0000	-5.0000	-5.0000	-5.0000	
1289174400000.0000	-5.0000	-5.0000	-5.0000	-5.0000	-5.0000	-5.0000	-5.0000	-5.0000	-5.0000	-5.0000	-5.0000	-5.0000	-5.0000	-5.0000	-5.0000	-5.0000	1526.9100	-5.0000	-5.0000	-5.0000	-5.0000	
