null#
# M e s s w e r t t a b e l l e  der Reihen:
#
# ^ATX_Close [248,248] Werte
# ^FTLC_Close [256,256] Werte
# ^GSPC_Close [252,252] Werte
# ^AEX_Close [256,256] Werte
# ^KLSE_Close [250,250] Werte
# ^TWII_Close [248,248] Werte
# ^NZ50_Close [255,255] Werte
# ^MXX_Close [251,251] Werte
# ^BSESN_Close [241,241] Werte
# ^KS11_Close [252,252] Werte
# FDAX.EX_Close [255,255] Werte
# ^AORD_Close [254,254] Werte
# ^IPSA_Close [250,250] Werte
# ^BVSP_Close [247,247] Werte
# ^FCHI_Close [256,256] Werte
# ^STI_Close [254,254] Werte
# GD.AT_Close [259,259] Werte
# ^SSMI_Close [258,258] Werte
# ^N225_Close [243,243] Werte
# 000001.SS_Close [259,259] Werte
# ^HSI_Close [253,253] Werte
#
#
Y	Y	Y	Y	Y	Y	Y	Y	Y	Y	Y	Y	Y	Y	Y	Y	Y	Y	Y	Y	Y	Y	
1240185600000.0000	1831.0800	2087.4500	832.3900	233.7700	968.3700	5781.6600	2698.8000	21587.4900	10979.5000	1336.3900	4486.3000	3722.6000	2636.2500	44433.0000	2969.4000	1874.8500	1973.2500	5065.2000	8924.7500	2557.4600	15750.9100	
1255046400000.0000	2673.9600	2710.9000	1071.4900	315.5500	1233.8200	7571.9600	3163.2500	30039.7100	16642.6600	1646.7900	5711.8800	4754.5000	3456.7600	64071.0000	3799.6100	2652.5100	2753.2300	6291.6000	10016.3900	2911.7200	21499.4400	
1251936000000.0000	2427.4900	2515.1800	1003.2400	289.0100	1173.6600	7104.6500	3091.5700	28150.0900	15398.3300	1613.5300	5301.4200	4432.9000	3191.6400	55707.0000	3553.5100	2598.3600	2414.2100	6073.7000	10214.6400	2845.0200	19761.6800	
1250640000000.0000	2346.5400	2457.5100	996.4600	284.0500	1155.5300	6788.5800	3081.0500	27598.3700	14809.6400	1545.9600	5231.9800	4387.5000	3260.7000	56156.0000	3450.3400	2522.7800	2350.3100	5980.8000	10204.0000	2785.5800	19954.2300	
1247529600000.0000	2042.6200	2215.0900	905.8400	251.9100	1079.6300	6639.4100	2748.5000	24340.6500	13853.7000	1385.5600	4781.6900	3858.8000	3154.8900	48873.0000	3081.8700	2310.5500	2169.3400	5365.0000	9261.8100	3145.1600	17885.7300	
1231372800000.0000	1869.5200	2312.8300	909.7300	264.5900	910.5200	4535.7900	2756.6500	21955.4000	14785.7400	1205.7000	4879.9100	3643.6000	2485.6700	41991.0000	3324.3300	1827.6100	1913.6000	5751.1000	8876.4200	1878.1800	14415.9100	
1246233600000.0000	2108.1800	2243.3700	927.2300	258.2400	1075.8400	6391.1500	2775.1200	24473.5300	16719.8300	1388.4500	4885.0900	3882.7000	3499.0700	52138.0000	3193.6800	2317.1700	2166.8600	5443.5000	9783.4700	2975.3100	18528.5100	
1261094400000.0000	2432.6100	2713.3300	1102.4700	324.6300	1271.7500	7753.6300	3154.2300	31834.0700	16696.0300	1647.0400	5831.2100	4671.9000	3343.8500	66794.0000	3794.4400	2802.5900	2168.4300	6464.3000	10142.0500	3113.8900	21175.8800	
1257984000000.0000	2623.6300	2760.6800	1087.2400	317.0600	907.0100	7670.9300	3172.0800	30759.8500	16283.4900	1572.7300	5663.9600	4758.2000	2551.2600	64448.0000	3808.0700	2726.2400	2620.4400	6355.8000	9804.4900	3172.9500	22397.5700	
1238716800000.0000	1824.5400	2102.0800	842.5000	230.7600	1249.0500	5529.6300	2614.4800	20933.7800	16886.4300	1283.7500	4384.9900	3674.0000	3321.7500	44391.0000	2958.7400	1820.8700	1754.6200	5043.0000	8749.8400	2419.7800	14545.6900	
1256688000000.0000	2444.2700	2654.4400	1042.6300	303.2900	1072.6900	7533.9500	3202.7800	28670.9000	9618.5400	1609.7100	5496.2700	4687.3000	3294.8700	60162.0000	3663.7800	2648.9800	2711.9600	6279.9000	10075.0500	3031.3300	21761.5800	
1253577600000.0000	2595.0000	2697.4200	1071.6600	312.7200	897.0700	7469.0300	3142.8600	29513.6800	9001.7500	1718.8800	5709.3800	4671.1000	2624.3100	61493.0000	3823.5200	2685.6300	2565.0500	6340.7000	7945.9600	2897.5500	21701.1400	
1234310400000.0000	1712.3900	2181.0000	833.7400	253.2800	852.1800	4575.9500	2730.2300	19446.6500	16016.3200	1190.1800	4530.0900	3418.1000	2502.5200	40846.0000	3027.7200	1721.9700	1744.4600	5123.8000	10320.9400	2260.8200	13539.2100	
1237420800000.0000	1611.3700	1980.4400	784.0400	210.3800	1190.3900	5035.9300	2633.2100	19596.5100	9004.0800	1161.8100	4043.4600	3416.8000	3189.8400	40453.0000	2776.9900	1584.8600	1622.8800	4794.6000	8061.0700	2265.7600	13130.9200	
1252281600000.0000	2529.1700	2589.8800	845.7100	298.4100	1266.7100	7224.5900	3122.6900	28585.2500	17198.2700	1608.5700	5463.5100	4461.1000	2541.5400	56652.0000	3652.8300	2770.9500	2497.1500	6182.0000	9572.2000	2881.1200	20629.3100	
1233014400000.0000	1640.3700	2154.2400	1108.8600	248.5900	1090.1500	6448.2300	2735.8600	19616.1500	15237.9400	1569.7200	4323.4200	3392.3000	3323.5200	38699.0000	2954.5300	2377.0700	1710.8700	5348.9000	10135.8200	1990.6600	22113.1500	
1244764800000.0000	2530.2100	2771.2700	946.2100	265.4800	968.5800	7649.2300	3146.6000	31750.5800	10817.5400	1428.5900	5776.6100	4733.1000	3252.5000	68546.0000	3326.1400	1843.4100	2401.5700	5521.8000	8727.3000	2743.7600	18889.6800	
1259625600000.0000	2190.2400	2319.1300	843.5500	315.4400	1041.2400	5886.1100	2809.8200	25460.0200	14296.0100	1356.0200	5069.2400	4061.5000	2676.1800	53558.0000	3775.7400	2292.9700	2425.0900	6372.1000	9451.3900	3235.3600	14878.4500	
1240358400000.0000	1807.2500	2110.8900	906.8300	236.8800	876.5600	4425.8300	2662.9400	21480.0100	8607.0800	1392.1700	4594.4200	3627.2000	3102.2600	44888.0000	3025.2400	1533.4000	1894.5600	5063.7000	7280.1500	2461.3500	12317.4600	
1243468800000.0000	2028.5800	2287.8700	700.8200	260.9000	1163.7900	6654.8000	2721.9800	24659.2400	15240.8300	1018.8100	4932.8800	3753.9000	2409.8100	53041.0000	3263.7000	2544.8600	2309.0800	5350.6000	10238.2000	2632.9300	20199.0200	
1235952000000.0000	1417.4600	1878.1700	1026.1300	208.8400	1051.6300	6683.1100	2481.5100	16929.8000	13589.2300	1580.9800	3710.0700	3203.8000	3265.5600	36235.0000	2581.4600	2238.7900	1535.8200	4438.3000	9310.8100	2093.4500	16991.5600	
1250812800000.0000	2472.5600	2542.7500	910.3300	294.4900	1079.4000	6578.9700	3034.9500	28308.9600	14645.4700	1372.0400	5462.7400	4305.7000	3131.1400	57729.0000	3615.8100	2352.5500	2479.8500	6139.8000	9939.9300	2960.7700	17087.9500	
1243296000000.0000	2039.5700	2299.4100	923.3300	263.4300	1025.5000	6647.5000	2734.0700	24640.0800	11682.9900	1411.6600	4985.6000	3781.6000	3105.8700	51841.0000	3270.0900	2166.1000	2234.8100	5431.3000	9451.9800	2588.5700	21752.8700	
1246406400000.0000	2139.6700	2265.8900	909.2400	260.2900	1243.2300	7340.0800	2780.3700	24524.0100	15896.2800	1415.1600	4905.4400	3872.3000	2925.4900	51544.0000	3217.0000	2651.1300	2236.9800	5472.9000	10034.7400	3008.1500	21050.7300	
1242000000000.0000	2067.2700	2313.2400	1036.1900	256.4700	1218.0600	7324.2200	2829.2200	23943.0200	16781.4300	1580.6900	4866.9100	3910.5000	3314.4500	50976.0000	3248.6700	2667.4300	2159.6100	5358.9000	10544.2200	2579.7500	13554.6700	
1256860800000.0000	2483.8900	2639.2700	1050.7800	302.3600	909.8400	4592.5000	3215.6200	28646.0300	9634.7400	1693.8800	5414.9600	4646.9000	3316.4100	61546.0000	3607.6900	1705.6400	2686.2100	6285.8000	7779.4000	2995.8500	20851.0400	
1253750400000.0000	2548.3100	2662.7100	826.8400	308.5200	1196.4600	7250.7200	3130.4200	28465.1100	16183.5500	1192.4400	5605.2100	4707.9000	2611.3300	60046.0000	3758.3600	2650.4800	2609.2500	6275.4000	10312.1400	2853.5500	20796.4300	
1234483200000.0000	1684.5800	2161.4800	1033.3700	251.1200	1179.8800	6955.8700	2750.7700	19368.1000	15830.9800	1607.7700	4413.3900	3496.7000	3203.3200	41674.0000	2997.8600	2648.7600	1727.9800	5126.8000	10375.0100	2320.7900	13154.4300	
1252454400000.0000	2527.0200	2629.8300	1005.6500	304.2500	883.1600	7684.6700	3116.4100	29100.0500	9236.2800	1566.3700	5574.2600	4527.1000	3292.9900	57910.0000	3707.6900	1766.7200	2534.5700	6202.0000	8251.2400	2946.2600	22553.8700	
1249344000000.0000	2323.3600	2444.4500	845.1400	286.9100	1272.3500	6938.8600	3092.8000	27869.9200	17185.6800	1166.5600	5417.0200	4313.9000	2564.4900	56038.0000	3476.3700	2808.1800	2434.0200	5939.8000	9977.6700	3471.4400	19502.3700	
1233187200000.0000	1703.1900	2152.7600	1099.9200	252.3500	1139.2500	5880.7700	2770.1200	19537.0500	15191.0100	1615.0000	4428.1100	3461.3000	3328.9800	39638.0000	3009.7500	2456.1500	1731.3700	5272.9000	8707.9900	1990.6600	15258.8500	
1259798400000.0000	2551.9100	2773.1200	951.1300	317.6100	992.6800	7766.6900	3153.9300	31967.4300	11329.0500	1478.5100	5770.3500	4789.3000	3244.9000	68315.0000	3799.1100	1852.8500	2366.8600	6444.1000	9676.8000	3264.6300	22840.3300	
1248048000000.0000	2117.2400	2318.9300	866.2300	269.4800	1275.1000	7596.6000	2820.9100	26284.0600	16998.7800	1354.1000	5030.1500	4044.2000	2680.3100	53155.0000	3270.9400	2745.0400	2275.3400	5627.9000	10076.5600	3266.9200	21467.3600	
1240531200000.0000	1860.7100	2176.0600	1109.8000	239.3400	1233.5100	4541.4200	2656.3900	22582.1700	8446.4900	1603.9700	4674.3200	3668.2000	3251.6300	46772.0000	3102.8500	2668.4000	1926.5400	5113.0000	7290.9600	2448.5900	12331.1500	
1258502400000.0000	2649.2200	2795.7200	1073.1900	319.4200	866.9300	5667.8000	3141.1800	31056.6200	10803.8600	1628.9300	5787.6100	4759.6000	3481.3200	66516.0000	3828.1600	1544.3400	2528.9500	6369.0000	8916.0600	3303.2300	14901.4100	
1255392000000.0000	2687.3200	2707.7600	712.8700	319.5300	917.8900	4453.9000	3169.4600	30611.1000	9110.0500	1059.2600	5714.3100	4789.8000	2435.7400	64646.0000	3801.3900	1828.5100	2807.8900	6321.3000	7645.5100	2936.1900	13971.0000	
1236124800000.0000	1502.9800	1895.3100	856.5600	211.5800	923.5700	4491.7800	2469.3400	17824.9600	9035.0000	1316.3500	3890.9400	3125.9000	2585.6500	38402.0000	2675.6800	1776.2500	1507.3900	4463.7000	9816.0700	2198.1100	12945.4000	
1239235200000.0000	1836.6900	2082.8100	870.2600	232.8400	898.5300	6665.4000	2571.1500	21162.2700	14913.0500	1156.7500	4491.1200	3617.5000	2467.9300	45539.0000	2974.1800	1637.9200	1881.9500	5070.6000	10378.0300	2379.8800	18203.4000	
1231718400000.0000	1789.6500	2276.1800	789.1700	261.8000	1072.6900	7856.0000	2768.2700	18853.9300	16692.0000	1127.1900	4719.6200	3624.0000	2593.2900	39403.0000	3246.1200	2299.7500	1870.8100	5591.8000	9791.1800	1900.3500	21092.0400	
1234828800000.0000	1480.0500	2080.6300	1118.0200	238.1700	1260.4200	7792.6800	2672.6200	24045.3900	17032.5100	1420.0400	4216.6000	3412.2000	3116.0600	39847.0000	2875.2300	2823.8200	1603.8000	4941.3000	8832.8500	2319.4400	22943.9800	
1246579200000.0000	2067.8400	2213.2100	1109.3000	253.7000	1278.3100	5576.8500	2761.5000	32240.3200	12019.6500	1655.5400	4708.2100	3826.6000	3514.7000	50935.0000	3119.5100	2783.8500	2211.0400	5338.5000	9340.4900	3088.3700	14928.9700	
1261440000000.0000	2466.6700	2779.3100	815.5500	332.4800	919.8400	6485.1400	3179.1800	20623.4200	9424.0200	1592.4700	5945.6900	4724.4000	3324.9200	67418.0000	3898.3800	1802.3900	2213.4700	6582.9000	8215.5300	3050.5200	17059.6200	
1258329600000.0000	2615.2500	2817.6800	883.9200	322.1600	1022.8400	5124.1800	3173.9700	23155.0100	16264.3000	1300.1000	5804.8200	4773.8000	2537.0700	66627.0000	3863.1600	2185.2900	2504.4300	6422.8000	10444.3300	3275.0500	13447.4200	
1239062400000.0000	1740.3200	2049.0800	822.9200	227.3900	878.3000	7337.1400	2612.4700	20346.4300	15514.0300	1414.5200	4322.5000	3648.5000	2900.2200	43825.0000	2902.3100	1664.0800	1729.2700	4974.2000	10388.0900	2439.1800	21161.4200	
1242172800000.0000	1943.4600	2256.7500	1042.7300	250.1900	1208.2800	6868.6500	2811.5600	29448.7900	14957.9100	1199.5000	4727.6100	3842.5000	2544.5200	48679.0000	3152.9000	2681.0300	2136.4600	5277.4000	9752.8800	2663.7700	20899.2400	
1237766400000.0000	1688.5400	2047.6600	997.0800	220.9000	1183.9700	6220.8100	2591.4300	27802.4100	14843.1200	1651.7000	4176.3700	3483.1000	3245.8400	42439.0000	2869.5700	2601.5000	1689.5500	4931.1000	9723.1600	2325.4800	18165.5000	
1252627200000.0000	2542.3900	2635.6700	911.9700	308.0000	1074.1200	6985.3200	3137.1800	24224.8300	14840.6300	1565.0400	5624.0200	4596.3000	3278.8000	58366.0000	3734.8900	2288.1600	2527.1100	6233.0000	9677.7500	2989.7900	19248.1700	
1249516800000.0000	2350.7000	2458.1600	954.0700	288.1100	1148.7000	6954.1000	3056.1500	26288.2100	17021.8500	1399.1500	5369.9800	4331.0000	3194.8300	55755.0000	3477.8300	2450.8300	2401.0700	5968.1000	9497.6800	3356.3300	18888.5900	
1245110400000.0000	2105.0700	2259.5200	942.8700	257.0100	1061.8000	7682.9700	2786.1500	25105.6300	17195.2000	1494.0400	4890.7200	3957.9000	3224.6700	51206.0000	3213.9500	2380.0700	2279.9600	5377.1000	10238.6500	2776.0200	22455.8400	
1248220800000.0000	2130.4800	2346.5700	1091.3800	271.1900	1274.3600	7710.4000	2900.4400	30666.5100	8325.8200	1415.1000	5121.5600	4068.9000	3191.1600	53073.0000	3305.0700	2761.5400	2270.9400	5637.0000	7173.1000	3296.6100	21999.0800	
1243814400000.0000	2578.6100	2351.0800	1096.5600	268.4200	1246.8600	4653.6300	3113.6300	31017.7300	17126.8400	1620.6000	5142.5600	3887.9000	3289.6000	54486.0000	3379.4900	2712.1500	2417.0100	5349.7000	10133.2300	2721.2800	11921.5200	
1258675200000.0000	2738.0000	2744.5200	683.3800	310.0300	858.2200	7509.1700	3191.2900	17043.4400	15688.4700	1658.9900	5663.1500	4706.7000	3437.0200	66703.0000	3729.3600	1513.1200	2405.6100	6277.5000	10497.3600	3308.3500	20955.2500	
1255564800000.0000	1419.0300	2742.8600	1057.0800	325.1900	1202.0800	6809.4100	2471.0400	29232.2400	9370.4900	1055.0300	5830.7700	4862.5000	2360.0000	37105.0000	3883.8300	2672.5700	2894.1500	6383.2000	8438.4500	2979.7900	20435.2400	
1236297600000.0000	2637.2800	1833.3300	1028.0000	199.5000	1171.0900	4521.4700	3161.0600	28005.4600	9042.6300	1673.1400	3666.4100	3111.7000	3372.8700	61518.0000	2534.4500	2618.7600	1474.3500	4311.6000	7557.6500	2193.0100	13704.6100	
1254268800000.0000	2554.7600	2689.6100	842.6200	311.3500	913.4600	4528.8700	3080.5000	20369.2300	15009.7700	1601.3800	5675.1600	4739.3000	3255.8000	57421.0000	3795.4100	1764.7200	2661.4200	6323.2000	10524.2600	2779.4300	13023.3600	
1251158400000.0000	1676.4900	2579.6400	778.9400	300.0300	899.5900	6882.8700	2786.7800	18682.4700	17360.6100	1182.6800	5557.0900	4417.5000	2450.6800	37982.0000	3680.6100	1629.3500	2505.7400	6200.9000	10536.9200	2915.8000	20929.5200	
1231891200000.0000	1512.9400	2151.6500	1007.1000	247.3200	1188.0000	7963.5400	2616.9300	28305.3200	12173.4200	1107.1000	4422.3500	3624.3000	2628.7500	39730.0000	3052.0000	2549.3500	1743.4700	5378.8000	9265.0200	1928.8700	21517.0000	
1235001600000.0000	2348.6900	2071.6700	1126.4800	237.6700	1263.9400	6489.0900	3080.9700	32548.5300	15404.9400	1576.1100	4215.2100	3398.0000	3276.4500	56830.0000	2872.6000	2837.7000	1615.0600	4990.5000	10009.5200	2227.1200	16790.7000	
1249862400000.0000	1959.3100	2474.2800	882.8800	288.6100	1014.2100	7322.9300	3205.2000	23341.7200	9667.9000	1682.3400	5418.1200	4309.2000	3529.8200	49007.0000	3504.5400	2139.7800	2339.6600	6007.5000	8479.9900	3249.7600	21240.0600	
1261612800000.0000	2460.1000	2815.4800	1045.4100	333.6000	1242.3200	7284.6100	2790.9000	28886.5300	9066.7000	1391.7300	4737.5000	4803.3000	2963.1100	62643.0000	3912.7300	2621.5500	2207.9400	6580.0000	7873.9800	3153.4100	20588.4100	
1242345600000.0000	2586.6700	2268.1100	1062.9800	252.9200	1205.9500	5346.3800	3158.9900	29401.9900	15378.9600	1549.9200	5353.3500	3758.9000	3291.7200	61317.0000	3169.0500	2629.2500	2146.1500	5350.7000	9944.5500	2645.2600	13622.1100	
1257206400000.0000	1700.5200	2631.2300	813.8800	300.1100	878.8100	4259.9800	3131.1800	20272.7700	14265.5300	1675.5500	5736.3100	4540.0000	3358.5400	41799.0000	3584.2500	1691.6800	2584.0400	6213.4000	9703.7200	3114.2300	12861.4900	
1254096000000.0000	1672.4800	2705.2100	825.4400	311.9000	1155.8800	6973.2800	2630.3300	26646.3700	16983.1400	1229.0200	4223.2900	4676.9000	2546.9800	38666.0000	3825.0000	1705.2900	2652.0300	6289.3000	10167.6000	2763.5200	19982.7900	
1237939200000.0000	2202.0000	2022.7200	979.2600	225.5500	1054.4100	6144.5300	2771.5000	24340.6500	11001.7500	1146.9500	4271.0400	3546.2000	2553.7700	54457.0000	2893.4500	2533.4300	1694.2800	4970.4000	8493.7700	2291.5500	17776.6600	
1233532800000.0000	2027.8500	2093.2000	918.3700	245.9600	1265.3600	7775.6400	2961.1700	32085.1700	14870.9000	1502.5900	5229.3600	3443.5000	3251.0300	50903.0000	2930.0500	2237.2000	1726.8100	5167.0000	9741.6700	2011.6800	22324.9600	
1248393600000.0000	2558.5900	2389.8800	1103.2500	276.1500	965.7000	5596.7300	2798.2400	21662.5300	10967.2200	1375.7600	4837.4800	4097.3000	3118.9900	68512.0000	3366.4500	2796.9800	2331.3200	5760.9000	8924.4300	3372.6000	14555.1100	
1245283200000.0000	1787.6600	2228.8300	855.1600	253.5200	1055.4000	6893.1400	3138.5800	24651.3200	15781.0700	1632.6500	5784.7500	3887.4000	3329.7600	45821.0000	3194.0600	1808.4100	2182.0700	5376.8000	9731.8700	2853.9000	18576.4700	
1260144000000.0000	2138.5200	2771.9500	931.7600	320.2500	941.4100	5857.6400	2686.4400	21838.9600	9323.5900	1300.2400	4607.4200	4695.2000	2671.6200	52087.0000	3840.0500	2383.8200	2318.6400	6470.6000	10473.9700	3331.9000	14901.4100	
1240876800000.0000	2486.6100	2140.9500	858.7300	234.8300	1206.2500	7411.8800	2840.6300	28678.6600	15020.1600	1414.8900	5054.5300	3671.7000	3173.2600	45992.0000	3051.0200	1876.7700	1907.4300	5109.1000	8230.1500	2401.4400	20375.4900	
1243987200000.0000	2499.0700	2292.1800	1025.2100	264.3700	1176.9000	6690.7500	3148.8600	28437.2600	14170.4500	1338.2600	5467.9000	4009.3000	2636.5100	61172.0000	3309.6500	2604.5300	2408.7500	5384.7000	10435.0000	2778.5900	20242.7500	
1239580800000.0000	1732.9400	2614.1200	1030.9800	299.3000	896.4700	4353.7000	3076.4200	20325.3900	14326.2200	1599.3300	5470.3300	4606.1000	3350.2500	57704.0000	3649.9000	2642.2300	1881.9500	5070.6000	9647.7900	2513.7000	13255.5100	
1254441600000.0000	2326.6700	2552.0400	850.1200	296.9000	1180.5400	6898.9000	2752.1600	28096.0200	16063.9000	1135.2000	4366.2800	4458.1000	3225.1100	39342.0000	3648.5300	1730.4500	2593.4300	6150.2000	9826.2700	2779.4300	20435.2400	
1251331200000.0000	2024.7600	2132.1100	1005.8100	248.5500	1066.3600	6715.2200	3079.6900	23359.9400	10048.4900	1565.3500	5350.0900	3494.9000	2498.6800	56588.0000	3016.7500	2571.3100	2544.4500	6169.2000	9717.4400	2946.4000	17862.2700	
1232064000000.0000	1959.0600	2469.2700	881.0300	288.9500	1045.9700	6341.2100	2746.2400	23314.6800	16454.4500	1434.2000	4598.1900	4345.9000	3265.7700	49457.0000	3507.2400	2272.2600	1749.9500	5435.5000	8626.9700	1954.4400	18059.5500	
1250035200000.0000	2561.7400	2188.4500	893.0400	249.0400	1253.9600	7417.4600	2794.9100	29735.3400	9201.8500	1399.7100	4693.4000	3767.8000	3088.8100	49495.0000	3048.5700	2266.9200	2295.6500	5962.5000	10217.6200	3112.7200	21479.0800	
1246924800000.0000	1690.8700	2204.9000	1066.6300	249.0900	885.4300	5390.7000	3144.5100	20315.1700	17125.2200	1552.2400	5480.9200	3910.8000	3054.7700	64816.0000	3123.2500	2629.3500	2202.8300	5329.2000	8038.9400	3089.4500	14119.5000	
1245628800000.0000	2531.4400	2681.4000	815.9400	307.8300	1207.4700	7346.2600	2653.4800	29625.0200	17131.0800	1237.5100	4203.5500	4519.2000	3351.6100	41907.0000	3708.7300	1745.6600	2143.3700	5310.4000	10004.7200	2896.3000	20866.3700	
1257379200000.0000	1737.9900	2021.3900	1052.6300	221.7300	876.8000	4389.9700	3099.6300	19622.6000	15103.5500	1653.4000	5628.9800	3615.6000	2547.7600	59264.0000	2840.6200	2638.4000	2683.5700	6285.2000	8828.2600	3155.0500	13063.8900	
1238112000000.0000	2445.9200	2648.1900	832.2300	308.3700	1255.7600	7797.4200	2768.6200	31670.2100	11284.7300	1195.3700	4492.7900	4547.2000	3233.2300	40129.0000	3752.2100	1707.3900	1671.8000	4872.3000	9401.5800	2374.4400	21741.7600	
1252972800000.0000	1863.0100	2172.2200	1095.9500	254.7900	990.7400	5992.5700	3127.6400	21898.8500	15411.6300	1634.1700	5647.8400	3382.3000	2591.2300	68012.0000	3068.9900	2797.2100	2531.9400	6213.2000	10236.5100	3033.7300	15520.9900	
1233705600000.0000	2145.5800	2713.7100	872.8100	312.8800	1075.5000	6767.1000	2740.5800	24913.0100	13757.4600	1369.3600	4769.4500	4652.6000	3322.3800	47290.0000	3757.3900	1920.2800	1744.0500	5225.5000	9768.0100	2107.7500	18679.5300	
1260316800000.0000	2597.7300	2222.1200	940.0900	240.7600	1272.0900	7714.5600	2834.5100	30961.9900	14302.0300	1394.7100	5077.0300	3744.7000	2670.7800	67317.0000	3159.8500	2396.3500	2105.4800	6351.7000	7054.9800	3239.5700	22423.1400	
1241049600000.0000	2739.8800	2319.6200	1105.6500	266.9300	1261.4900	7751.3200	3107.6100	30927.1100	14422.7300	1606.4200	5769.3100	3969.0000	3251.1500	67239.0000	3339.0500	2779.9800	2053.7400	5225.9000	8742.9600	2477.5700	22200.4600	
1244160000000.0000	1456.1000	2778.3600	1097.9100	315.8600	855.2500	4671.0200	3220.9200	17543.5200	12134.7500	1649.0700	5852.5600	4708.2000	3456.3900	53341.0000	3784.6200	2711.7000	2372.2600	5398.9000	7376.1600	2753.8900	11694.0500	
1259020800000.0000	1851.3400	2772.0200	719.6000	327.0300	956.6800	5875.1900	2462.7100	21861.3600	16711.1100	1092.2000	3886.9800	4801.8000	3216.6800	38795.0000	3892.3600	1485.7500	2428.5400	6397.5000	10597.3300	3223.5300	15669.6200	
1255910400000.0000	1463.4600	1922.7000	852.0600	210.4400	887.8300	4477.7800	2600.6500	17956.4000	9300.8600	1333.0900	4549.7900	3143.2000	2439.9400	45273.0000	2663.6800	1905.9900	2864.6300	6436.4000	9291.0600	3038.2700	13175.1000	
1236643200000.0000	2388.9300	2080.4300	743.3300	235.9000	1188.5700	7069.5100	2538.2900	27855.4300	15331.9400	1099.5500	3936.4500	3693.9000	2640.6200	56638.0000	2985.7400	1630.6900	1551.2800	4512.5000	10634.2300	2158.5700	20893.3300	
1239753600000.0000	1975.3900	1983.8500	1004.0900	223.9800	1065.6800	6748.1800	3151.2600	23634.2700	17119.0300	1591.4100	5309.1100	3304.1000	2542.4800	67902.0000	2727.8700	2631.5100	1928.2900	5065.4000	9290.2900	2536.0600	17790.5900	
1235347200000.0000	2482.1300	2473.9700	882.6800	288.0200	1272.7300	8057.4900	2741.6800	32610.5100	16854.9300	1430.8900	4630.0700	4465.1000	3294.3600	51347.0000	3495.2700	2307.6100	1548.9900	4797.1000	9590.3200	2305.7800	21480.2200	
1250208000000.0000	2044.7600	2172.3700	1127.7800	247.1100	1023.4900	6655.5900	2790.8000	24344.6200	17009.1700	1685.5900	6002.9200	3761.4000	3084.3200	49672.0000	3025.9400	2855.6800	2341.4200	5985.3000	10443.8000	3046.9700	17544.0300	
1247097600000.0000	2040.2300	2337.9000	908.1300	336.1100	1057.8500	6380.0800	2739.8100	23711.2400	8343.7500	1428.2100	4959.6200	3800.6000	3541.4500	50405.0000	3947.1500	2260.3600	2160.7300	5305.4000	8076.6200	3123.0300	17892.1500	
1261958400000.0000	1958.0600	2231.2700	900.9400	262.2300	1009.3600	6330.4000	2766.2700	23014.0500	11023.0900	1363.7900	4836.0100	3802.2000	3054.2500	60236.0000	3274.9600	2278.9600	2208.3400	6591.0000	10087.2600	3188.7800	16381.0500	
1242691200000.0000	2613.3900	2223.4200	907.2400	254.6300	1218.8000	7477.3000	3152.8000	30017.7200	16958.5400	1397.9200	4902.4500	3846.0000	3020.1700	42756.0000	3184.7600	2028.7100	2253.7300	5498.8000	10107.8700	2676.6800	21768.5100	
1245801600000.0000	1733.9500	2711.4000	1065.4900	251.4700	896.6400	4471.2500	2773.5000	20438.1300	15666.6400	1695.4700	5731.1400	4714.0000	2756.0700	54472.0000	3237.9700	2672.6000	2199.1100	5443.4000	9383.2400	2922.3000	13655.0400	
1241395200000.0000	2190.1600	2209.8600	868.6000	313.8800	1172.3800	7142.6300	3018.4700	26850.7500	9100.5500	1210.2600	4644.6300	3407.5000	3297.1700	69267.0000	3835.2700	1715.3500	2096.4100	5318.3000	10333.3900	2559.9100	20624.5400	
1253145600000.0000	2489.0800	2360.4000	979.6200	261.3500	1260.0000	7795.0700	3127.9800	31901.6900	8902.5600	1526.0300	5174.7400	4174.0000	2673.2800	66392.0000	3122.7900	2624.0400	2547.4700	6317.7000	7198.2500	3060.2600	21902.1100	
1233878400000.0000	2508.8400	2743.1500	1106.4100	274.2400	1270.6100	7739.1600	3127.3100	30447.8300	17343.8200	1656.9000	5756.2900	4651.4000	3233.6200	65486.0000	3330.9700	2800.7500	1761.6900	5123.1000	8907.5800	2181.2400	22210.4100	
1248739200000.0000	2713.0800	2707.8400	1081.4000	320.1400	1260.0600	7701.5000	3218.2200	30889.0500	10275.6000	1599.5200	5614.1700	4727.6000	3435.1200	39152.0000	3803.7200	2762.2200	2286.1500	5762.8000	9691.8000	3438.3700	22318.1100	
1260489600000.0000	1467.2600	2756.6000	750.7400	306.7200	838.3900	4754.6500	2491.6200	18864.8700	13736.5400	1653.8600	5833.4900	4846.2000	3184.0400	45778.0000	3679.2300	2692.5500	2160.6800	6411.6000	10492.5300	3247.3200	12001.5300	
1259193600000.0000	1914.2400	1925.0400	869.6000	325.5000	965.1700	5755.3800	2711.2700	22234.8400	14764.6400	1128.3900	3956.2200	3190.4000	3424.0100	62671.0000	3873.2200	1493.5300	2225.3200	6283.4000	8065.7900	3170.9800	15601.2700	
1256083200000.0000	2611.7400	2144.7700	1054.7200	211.3100	1212.7300	7536.0500	3151.5500	29690.4800	16877.1600	1329.0000	4676.8400	3728.1000	2436.1300	56489.0000	2694.2500	1896.5600	2855.0700	6434.7000	7461.2200	3070.5900	20811.5300	
1236816000000.0000	2503.9800	2693.6000	1020.6200	243.8100	880.3700	6825.9500	3098.0000	28129.9500	16498.7200	1598.4400	5657.6400	4597.2000	2676.7900	37272.0000	3091.9600	2611.8900	1554.0600	4645.8000	10546.4400	2133.8800	19724.1900	
1239926400000.0000	1623.5000	2574.4300	805.2200	309.2800	896.5100	4242.6100	2709.4800	19213.0200	9708.5000	1591.8500	5464.6100	4484.1000	3417.6600	38232.0000	3770.2100	2592.9000	1973.2500	5192.6000	9043.1200	2503.9400	12959.7700	
1254787200000.0000	1450.8600	2102.6500	764.9000	296.2700	1271.1200	4493.7400	2499.8200	18200.7000	11952.7500	1126.8100	4239.8500	3425.0000	3175.1800	68588.0000	3653.5400	1723.3700	2678.5000	6277.2000	9264.1500	2779.4300	13005.0800	
1251676800000.0000	2495.5600	1987.4100	1126.4200	240.1100	920.6600	8112.2800	3220.9100	32448.7400	8943.5400	1067.0800	3846.2100	3281.5000	2481.0200	41519.0000	2925.2800	1616.7900	2466.4100	6217.1000	9877.3900	2667.7500	21496.6200	
1232409600000.0000	1829.4400	2816.8400	927.4500	220.6900	1035.5600	4698.3100	2744.8900	23238.8600	15689.1200	1682.7700	5957.4300	4847.0000	2538.0100	50087.0000	2696.9200	2879.7600	1652.5100	5321.0000	10083.4800	1994.1100	15563.3100	
1235520000000.0000	2044.5300	2348.8800	888.3300	335.1400	1075.7700	6718.8100	2776.3100	23821.2600	15387.9600	1173.5700	4983.9900	3638.9000	3581.4200	51486.0000	3935.5000	1924.8700	1521.4900	4702.5000	9808.9900	2206.5700	17199.4900	
1262131200000.0000	2452.5600	2268.3300	918.9000	261.7800	1270.8100	6463.5600	2770.6200	24458.2300	16810.8100	1421.6500	4900.6700	3804.7000	2441.9300	69311.0000	3359.9200	2210.9700	2194.4900	6545.9000	8109.5300	3262.6000	18600.2600	
1231113600000.0000	2601.4600	2215.7200	1107.9300	259.0200	1267.7500	7807.6200	3117.1100	31902.6000	15127.0000	1394.5300	4776.4700	3899.5000	3104.4300	66214.0000	3217.4100	2317.9500	1862.3200	5756.1000	7704.1500	1880.7200	21813.9200	
1242864000000.0000	1696.6200	2755.2200	1093.0800	254.4300	872.5500	7536.7000	3165.0600	30646.2400	16843.5400	1665.8500	5811.3400	4687.8000	3473.3000	40926.0000	3129.7300	2798.7000	2251.0000	5509.3000	10187.1100	2610.6200	22207.5500	
1245974400000.0000	2018.5100	2738.3200	797.8700	325.1900	1023.9600	5210.8400	2590.3900	19626.7500	15467.4600	1576.7900	5619.7200	4686.5000	3403.4100	51499.0000	3834.0900	2693.3800	2162.6500	5376.0000	10165.2100	2928.2100	13576.0200	
1260835200000.0000	1542.5900	2034.7600	919.5300	314.4600	840.8800	6566.7000	2831.3600	23906.1300	8813.8400	1206.2600	4084.7600	3532.3000	2478.9400	38607.0000	3785.4900	1699.9900	2169.9800	6439.4000	10282.9900	3274.4600	16834.5700	
1257724800000.0000	2454.0200	2304.6800	753.8900	216.9800	1178.7400	4971.3200	2544.3300	28309.5500	8891.6100	1393.4500	4880.7100	3840.1000	2804.3100	56652.0000	2807.3400	2179.0300	2688.4900	6385.1000	9786.8200	3175.5800	12976.7100	
1238457600000.0000	2248.1000	2002.4200	1016.4000	255.2800	1160.6600	7153.1300	3098.3200	26810.2700	15035.2600	1125.4600	4044.5400	3297.3000	2456.1400	54478.0000	3283.5100	1586.3200	1684.3700	4927.4000	9832.4700	2373.2100	20318.6200	
1241568000000.0000	2681.1900	2545.5400	986.7500	215.7900	1267.1000	7027.1100	2994.0000	25107.4300	13400.3200	1608.9000	5384.4300	4442.7000	3199.4000	65059.0000	2791.6600	2622.6900	2191.1800	5319.3000	10280.4600	2592.5200	20234.0800	
1237161600000.0000	2133.1300	2414.9800	942.4300	293.1600	1071.7900	6414.3900	2822.4000	30617.6800	9586.8800	1534.7400	5360.6600	4195.9000	3240.2700	53157.0000	3598.7600	2636.1900	1584.1600	4816.4000	8051.7400	2153.2900	18058.4900	
1252022400000.0000	2656.7100	2302.1000	1079.6000	283.8200	1230.0900	7649.2800	3214.9300	29898.8500	16894.2500	1371.8400	4997.8600	3933.6000	3421.9500	63760.0000	3435.4900	2349.8700	2425.2300	6119.1000	7568.4200	2861.6100	22589.7300	
1248912000000.0000	2396.5900	2746.0700	1065.4800	263.0300	1168.0100	7503.3100	3168.9400	27953.3400	16849.6000	1640.1700	5740.2500	4859.7000	3215.5500	55386.0000	3296.7300	2715.3400	2353.0900	5932.6000	10284.9600	3321.5600	21492.9000	
1244505600000.0000	1591.8800	2707.4300	994.7500	320.1400	879.0200	7039.7700	3074.6500	19306.7300	10348.8300	1615.4600	5716.5400	4763.3000	3423.6200	37894.0000	3808.2400	2650.9500	2319.6900	5388.7000	9050.3300	2787.8900	19522.0000	
1256256000000.0000	1481.6700	2521.6500	827.5000	314.7600	890.6700	4557.1500	2734.4100	17752.1800	11876.4300	1613.1600	5319.8400	4436.6000	3146.6300	38183.0000	3806.8100	2569.9300	2838.1300	6378.1000	9239.2400	3107.8500	12657.9900	
1254960000000.0000	2358.0700	2085.5000	735.0900	289.0500	1164.4100	6789.7700	2522.3200	27544.3200	16353.4000	1116.2300	4219.4200	3431.9000	2493.9600	55749.0000	3573.1300	1708.7700	2738.7400	6305.8000	10163.8000	2779.4300	12811.5700	
1251849600000.0000	2000.6100	1978.9500	989.6700	235.4600	1063.6600	6530.8200	3071.5800	23951.9600	9647.4700	1063.0300	3843.7400	3296.9000	2468.6300	49187.0000	2869.6200	1594.8700	2477.9800	6089.2000	9871.6800	2714.9700	20306.2700	
1232582400000.0000	1899.3800	2455.1500	901.0500	219.8100	927.6200	4789.8400	2736.8900	22117.5100	8976.6800	1550.2400	5250.7400	4385.9000	3283.2300	40820.0000	2702.4800	2567.7200	1671.1200	5329.4000	8719.7800	2004.9500	17254.6300	
1235692800000.0000	2451.5200	2193.9600	906.6500	284.4600	1266.9700	7742.1700	2764.2400	31948.4100	16926.2200	1378.1200	4722.3400	3738.0000	3126.1000	67068.0000	3450.6900	2266.6400	1535.8200	4690.7000	9432.8300	2082.8500	14987.4600	
1250553600000.0000	2592.7700	2316.3500	1096.0800	249.7900	1270.1500	7668.0600	3122.9200	31097.6400	14744.9200	1228.1700	4937.4700	3728.2000	2478.9000	66431.0000	3052.0800	1880.5800	2333.2900	5953.8000	10212.4600	2910.8800	21347.6300	
1247443200000.0000	1792.5400	2725.0000	1098.5100	265.0400	905.0700	5473.7800	3161.5400	20562.5900	15411.4700	1647.8400	5844.4400	4689.6000	3482.5000	43736.0000	3346.0900	2813.2700	2103.6700	5315.3000	7945.9400	3080.5600	22627.2100	
1231286400000.0000	2119.6000	2753.6900	834.3800	326.6800	1026.7800	6583.8700	2585.8000	24085.5800	10898.1100	1594.8200	5668.3500	4765.9000	3373.7600	51396.0000	3830.8200	2740.4300	1920.7300	5761.7000	7972.1700	1924.0100	14521.9700	
1261008000000.0000	2593.6700	2142.0300	929.2300	317.9700	1260.3000	7657.3400	2873.1400	29312.8400	15012.3200	1276.9700	4381.9200	3622.2000	2535.5100	63161.0000	3814.3900	1803.3400	2195.3500	6489.2000	7682.1400	3179.0800	17389.8700	
1257897600000.0000	2560.3900	2332.5100	1063.4100	232.0500	903.5200	7502.4600	3192.4700	29607.1600	14253.2400	1412.1300	4913.9000	3919.6000	2906.1700	60928.0000	2992.0600	2238.2100	2659.4000	6374.7000	9345.5500	3175.1900	22169.5900	
1238630400000.0000	1725.9100	2720.3800	1064.6600	261.3500	847.9600	4526.1000	3155.6500	19825.7200	9406.4700	1649.5300	5635.0200	4755.0000	3372.1700	41207.0000	3312.5900	2694.5000	1752.8100	5178.5000	9395.3200	2425.2900	21472.8500	
1241740800000.0000	1557.6000	2692.6200	827.1600	311.1300	1259.1100	5047.5400	2750.0500	19620.4800	13913.2200	1695.5000	5668.6500	4684.1000	3297.2700	40142.0000	3743.9500	2647.9100	2151.4000	5391.0000	9981.3300	2625.6500	13880.6400	
1256601600000.0000	1633.1400	2171.2200	794.3500	311.3400	1120.9000	6567.3700	2606.3300	19583.0800	14493.8400	1198.8700	4505.5400	3428.6000	2635.3000	38509.0000	3812.1600	1703.2900	2711.9600	6368.0000	8711.3300	3021.4600	13117.1700	
1253491200000.0000	2460.4300	1972.4500	836.5700	251.3700	1088.9600	7582.2100	2705.7500	30957.1100	16848.8300	1169.9500	3996.3200	3386.2000	2512.0700	67044.0000	3020.7500	1575.9400	2527.9000	6306.2000	10383.4100	2967.0100	18791.0300	
1234224000000.0000	2088.6900	2160.8800	1095.6300	209.3400	966.6000	6850.9900	2796.5400	25741.9600	16052.7200	1555.6000	4326.8700	4047.3000	2514.9000	52072.0000	2760.3400	2381.8100	1763.0800	5144.7000	9269.2500	2265.1600	21821.5000	
1237334400000.0000	1819.0200	2330.5800	940.3800	247.8800	1163.4300	5881.4100	3125.5200	25372.8500	16719.5000	1440.1000	5107.2600	4715.5000	3255.3200	56831.0000	2955.3700	2732.1200	1578.6300	4783.3000	8836.8000	2223.7300	18805.6600	
1232928000000.0000	2389.9100	2707.6100	944.8900	268.1100	1097.2400	6733.2300	2808.2200	21216.9400	9465.8300	1419.3900	5625.9500	3992.9000	3207.8000	51297.0000	3334.9400	2430.9600	1695.1600	5417.1000	9347.0000	1990.6600	15285.8900	
1244678400000.0000	2093.4300	2290.6100	850.0800	305.9000	919.0700	6738.6000	2664.8600	27944.2400	8966.6800	1336.8100	4978.4000	3633.1000	3257.8900	41583.0000	3680.1500	1887.2500	2386.9200	5483.9000	9958.4400	2797.3200	20328.8600	
1259539200000.0000	1815.2500	2084.8300	1007.3700	266.4000	1053.1400	4502.7400	3053.1100	25336.3300	16123.6700	1576.3900	4501.6300	4391.4000	2667.1700	50816.0000	3218.4600	2559.5700	2263.2700	6261.0000	9770.3100	3195.3000	18258.6600	
1247788800000.0000	2065.0800	2494.0900	932.6800	234.7200	1075.2400	6734.4600	2764.0800	21741.2900	15924.2300	1420.8600	5311.0600	3917.5000	3277.8100	51465.0000	2973.9400	2389.4200	2230.4400	5594.1000	9891.1000	3189.7400	14377.4400	
1240272000000.0000	2098.6500	2270.8900	890.3500	288.1200	1270.9600	6432.1600	2757.4100	24198.9600	9257.4700	1180.9600	4928.4400	3680.4000	3209.9200	65326.0000	3505.3200	1806.0200	1880.6900	5076.7000	7705.3600	2535.8300	17121.8200	
1250726400000.0000	2633.2100	2285.3100	919.3200	260.8200	1241.7500	7665.6300	2740.2000	24368.3800	17169.9100	1400.9000	4783.8900	3735.3000	2500.0800	63721.0000	3171.2700	2267.4600	2399.4000	6032.0000	10393.2300	2911.5800	18378.7300	
1247616000000.0000	2516.1500	2278.4900	1093.4800	266.1800	1219.0700	7355.6900	2796.1100	31002.0900	11134.9900	1390.0700	4918.4500	3947.8000	3104.7600	60496.0000	3299.5000	2333.1400	2185.4700	5473.3000	10352.4700	3188.5500	22553.6300	
1231459200000.0000	2589.3900	2220.5100	1066.1100	260.6600	894.6000	7376.7600	3158.1400	29247.8300	14625.2500	1571.9900	4808.6400	4722.6000	3090.5000	40501.0000	3236.1600	2727.2300	1892.2900	5697.2000	8106.2900	1904.8600	21264.9900	
1243209600000.0000	1666.0400	2772.6300	1060.8700	254.7100	856.8200	4466.4200	3195.6200	28959.6700	17026.6700	1585.8500	5686.8300	4575.2000	3337.0700	40076.0000	3140.4400	2632.3100	2278.7800	5446.2000	9608.9400	2610.0100	21595.5200	
1246320000000.0000	1627.4300	2684.8600	835.1900	317.3700	1202.0700	4961.6200	3147.9100	19358.2500	8427.2900	1711.4700	5587.4500	4741.0000	3372.0200	57855.0000	3806.0100	2685.9400	2209.9900	5404.0000	8847.0100	2959.3600	13228.3000	
1258070400000.0000	2510.2400	2694.8000	768.5400	309.6500	1171.3100	7313.9900	2750.1500	19363.3000	10742.3400	1179.8400	5702.0500	3458.5000	3317.0000	55998.0000	3714.0200	1684.9600	2588.7100	6351.1000	9522.5000	3187.6500	12833.5100	
1256774400000.0000	2308.1000	2166.4400	1025.3900	313.3600	879.6300	7056.7100	2599.0300	29190.8200	14109.6400	1170.9400	4407.5600	3405.0000	2606.7200	40227.0000	3821.7900	1596.9200	2669.6300	6351.3000	7229.7200	2960.4700	21069.8100	
1253664000000.0000	1713.5100	1992.7700	1002.6300	248.2700	1271.1500	7677.6200	3121.5500	27692.4800	14658.4900	1619.6900	4068.7400	4527.8000	2487.7300	68615.0000	2964.3400	2660.9100	2611.5200	6349.8000	8595.0100	2842.7200	20807.2600	
1234396800000.0000	2556.4700	2599.9700	874.0900	212.7100	978.6400	5875.2400	3047.8500	20145.2200	16601.2000	1564.9800	5481.7300	4270.5000	3198.3400	45801.0000	2791.1400	2681.6400	1729.4100	5106.7000	9438.7700	2248.0900	22289.5700	
1237507200000.0000	1795.4800	2446.4600	1109.2400	300.8100	1044.1100	7599.8800	2747.9000	32111.7900	10534.8700	1157.9800	5426.8500	3435.1000	3274.6200	53198.0000	3660.9600	1766.0800	1647.8800	4787.2000	9876.1500	2281.0900	15214.4600	
1252368000000.0000	2105.3900	2206.5300	851.9200	287.4900	1233.3300	4435.3400	3149.4500	21829.3300	12158.0300	1591.6300	4518.7200	4776.7000	2571.1100	36468.0000	3477.8000	2796.3400	2511.8100	6194.7000	10183.4700	2930.4800	18171.0000	
1249257600000.0000	2700.3800	2779.4800	919.1400	257.1600	868.7400	5443.5600	2658.8500	24331.7100	16693.0000	1368.8000	5781.6800	3695.8000	3343.5400	44182.0000	3076.0100	1859.9800	2423.9600	5967.4000	8857.9300	3462.5900	21299.3500	
1233100800000.0000	1425.2900	2105.9500	1076.1900	316.4400	907.8700	6890.4400	2764.1700	30475.4300	16216.8600	1395.8900	4538.2100	3813.3000	2680.5100	51792.0000	3795.9200	2329.0800	1748.6100	5417.9000	9298.6100	1990.6600	12033.8800	
1259712000000.0000	1789.5200	2303.7800	696.3300	235.3000	1047.6800	6667.5300	3178.8800	17093.2500	15903.8300	1639.8100	4940.8200	4745.5000	3100.4200	51025.0000	3008.6200	2680.4700	2433.2400	6386.5000	10265.9800	3269.7500	14474.8600	
1240444800000.0000	2042.5200	2736.0900	825.1600	259.4500	1078.7100	7787.2700	2417.9500	20530.6300	9424.2400	1025.5700	5783.2300	3171.4000	2401.6100	65925.0000	3277.6500	1528.5100	1905.9200	5023.9000	10513.6700	2463.9500	17885.2700	
1243555200000.0000	2099.3800	1825.4200	893.0600	320.7100	1255.6600	5556.2200	2568.9100	24507.8100	17101.5400	1262.0700	3690.7200	3567.5000	2543.1900	44167.0000	3845.8000	1783.9600	2327.4700	5349.7000	10252.5300	2632.9300	18178.0500	
1255305600000.0000	2464.6500	2046.7200	896.4200	202.5700	923.7700	6432.5500	2769.7800	24051.4600	15062.4900	1362.0200	4357.9200	3795.3000	3054.9100	50326.0000	2554.5500	2306.0800	2830.7800	6377.8000	7994.0500	2894.4800	20948.1000	
1236038400000.0000	1803.0600	2303.5800	1114.0500	228.2400	1023.0200	7345.2200	2768.1900	31799.2300	14875.5200	1411.4800	5000.7700	3875.2000	3103.8700	60356.0000	2921.0600	2320.8200	1510.9900	4358.0000	10022.5900	2071.4300	14998.0400	
1239148800000.0000	2044.3600	2212.1800	835.4800	264.2000	1217.3900	7332.0800	3149.8000	20807.2100	16785.6500	1644.2300	4718.4900	4659.5000	3518.5700	58536.0000	3294.8600	2786.8100	1807.1100	4999.8000	9652.0200	2347.3900	17153.6400	
1243382400000.0000	2536.8100	2761.6200	908.3500	252.6900	1201.2800	6848.2400	2633.4400	23696.4900	17231.1100	1297.8500	5930.5300	3696.4000	2545.0500	56384.0000	3116.4100	1847.9800	2294.8200	5419.4000	10039.6700	2632.9300	21024.4000	
1246492800000.0000	2521.2600	2084.0000	1044.3800	330.5100	1179.4900	7650.9100	2812.7000	28759.9800	8197.9200	1403.5100	4349.8100	3863.6000	2932.7300	39301.0000	3872.0600	2178.1300	2217.5800	5355.2000	9549.4700	3060.2500	21069.5600	
1261353600000.0000	2338.8600	2309.1500	1044.1400	228.8500	884.4500	6953.3400	3111.2500	29318.4200	16852.9100	1691.4800	4854.1100	4714.8000	3319.5000	67604.0000	2929.7500	2662.8200	2118.6000	6504.4000	10060.2100	3122.9700	20494.7700	
1238976000000.0000	1736.2300	2662.8900	1002.7200	255.3300	1270.2000	6225.5600	3126.6800	28082.6300	15628.7500	1644.6800	5581.4100	4573.5000	3231.5100	53234.0000	3231.1000	2682.0200	1741.4100	5002.1000	7433.4900	2419.7800	13278.2100	
1242086400000.0000	2582.2000	2621.7700	825.8800	305.6300	1134.7000	7759.9800	3084.0700	19565.1400	9071.3600	1559.4700	5594.7700	4272.2000	3307.5700	52034.0000	3739.1400	2606.8300	2204.1100	5346.0000	8964.1100	2618.1700	22498.1500	
1253836800000.0000	2141.3000	2434.1800	1105.9800	305.9700	1091.1700	7695.7500	2774.1400	32105.3900	9015.1800	1162.1100	5353.0100	3478.1000	2549.4600	66327.0000	3705.8700	1746.4700	2611.5600	6236.9000	10100.2000	2838.8400	19501.7300	
1252540800000.0000	2126.7700	2133.3400	954.5800	285.2400	1276.6500	4637.2000	3146.4600	26004.0200	17231.1100	1624.7600	4338.3500	4721.2000	3349.7300	66201.0000	3458.5300	2791.0100	2510.5600	6208.4000	10581.0500	2924.8800	18498.9600	
1249430400000.0000	2605.2700	2778.1400	923.7200	248.6000	1246.8400	5781.9600	2873.1900	24899.6900	17050.6500	1488.9900	5817.6500	4048.3000	3245.3500	37369.0000	2973.9200	2454.3300	2390.2400	5911.9000	8413.9100	3428.5000	22643.1600	
1233273600000.0000	2729.2600	2338.9300	1094.9000	321.1300	869.2400	7429.9800	2825.1600	30817.6700	11872.9100	1412.4200	5093.9700	4030.4000	3239.5500	61235.0000	3846.6200	2316.5600	1779.4700	5290.0000	7534.4400	1990.6600	21886.4800	
1245024000000.0000	1446.0700	2258.7100	1092.0200	270.6800	941.3800	6838.2500	3113.6300	30881.1000	9305.4500	1649.0900	4889.9400	4767.8000	3264.1600	57775.0000	3302.8900	2758.7900	2390.4500	6501.2000	9729.9300	2789.5500	12211.2400	
1259884800000.0000	2607.7400	2754.5100	682.5500	258.2600	1208.2100	4532.3600	3186.4800	17365.0200	9471.0400	1058.1800	5702.1800	4834.0000	3464.6800	39544.0000	3219.5800	2708.4800	2383.6200	5636.2000	9093.7300	3317.0400	21013.1700	
1248134400000.0000	2554.7700	2760.1300	1060.6100	313.3100	1174.4900	4498.3700	2491.4000	29432.0100	15160.2400	1336.0400	5854.1400	3148.8000	2382.9900	39674.0000	3760.2200	1518.6400	2271.0700	5400.1000	9802.9500	3213.2100	20535.9400	
1258588800000.0000	1751.2600	1836.6000	1025.5700	325.4700	913.7000	7901.5000	3155.3900	28004.2700	15231.0400	1690.0500	3695.4900	4747.2000	3369.0900	67589.0000	3882.6700	2663.3100	2497.1500	6286.8000	7750.1700	3320.6100	13668.0500	
1255478400000.0000	1481.3700	2704.1100	871.7900	200.5800	895.2300	7733.2100	3067.6700	21047.3000	14522.8400	1612.2200	5713.5200	4434.2000	3244.2000	67406.0000	2569.6300	2612.3300	2896.9100	6405.9000	8488.3000	2970.5300	13016.0000	
1236211200000.0000	2463.0900	2569.1400	788.4200	312.1200	1260.5300	6364.1700	2774.6400	18741.2700	11371.8500	1167.7100	5519.7500	3593.9000	2470.0600	49446.0000	3814.1000	1761.8200	1481.4600	4390.2000	10412.0900	2221.0800	21328.7400	
1239321600000.0000	2609.9300	2258.7600	1120.5900	297.8800	1279.9500	7335.1800	2621.0000	32450.2300	14874.9100	1113.1900	4636.9400	3366.9000	2609.9400	41841.0000	3652.1700	1651.0600	1881.9500	6316.7000	9792.9400	2444.2300	22914.1500	
1254182400000.0000	1942.3700	2067.3400	1110.3200	260.7400	1011.9900	4591.2600	3209.5600	31400.2000	17322.8200	1661.3500	4204.9600	4756.1000	3523.4600	41476.0000	3197.8900	2841.5600	2667.6200	6194.4000	9840.8500	2754.5400	16541.6900	
1251072000000.0000	2525.8400	2801.0500	893.0700	238.3000	1241.7600	5242.1800	3131.5100	23405.9300	17134.5500	1585.9800	5957.4400	4750.2000	3284.1000	56330.0000	2874.0700	2764.9500	2483.2600	5534.3000	8726.3400	2993.4300	21620.1900	
1231804800000.0000	1619.6200	2796.3900	1042.8800	332.8300	907.1900	6980.8800	2776.1200	19520.8700	15769.8500	1380.9500	5778.4300	3710.8000	2918.7400	54249.0000	3910.7500	2122.1100	1844.4300	4955.5000	9704.3100	1863.3700	13455.8800	
1234915200000.0000	1634.9800	2273.1700	806.1200	321.0800	877.9200	6195.9100	3183.7400	20242.6100	9046.7400	1559.0900	4738.4700	4546.3000	3286.6800	51046.0000	3829.0600	2645.4300	1589.1800	6580.0000	10257.5600	2209.8600	13910.3400	
1261526400000.0000	2362.1100	2667.9800	1010.4800	249.0200	1184.8800	5705.0500	2680.1900	28179.5500	8843.2100	1175.4700	5430.8200	3461.3000	2632.5600	45820.0000	3156.2900	1706.3400	2207.9400	6376.4000	9978.6400	3073.7800	20375.3700	
1258416000000.0000	2177.9700	2133.9300	976.2900	302.8200	1152.1500	6949.0800	2635.3300	26805.4200	15074.5900	1221.7000	4366.6400	3517.3000	2538.9700	54000.0000	3639.4600	2549.3500	2502.2700	5360.0000	10639.7100	3282.8900	19817.7000	
1242259200000.0000	2020.7300	2029.0300	910.7100	247.1500	1070.9000	7715.1000	3069.0000	24150.9400	14043.4000	1576.0000	4187.3600	4303.1000	3281.1800	66200.0000	2962.2200	2484.9000	2124.0300	6291.2000	8023.3100	2639.8900	18084.6000	
1257120000000.0000	1825.2700	2478.6000	857.5100	221.4700	980.1200	7545.2900	2918.6300	21827.1100	15912.1300	1496.4900	5458.9600	4072.6000	3239.7100	60459.0000	2874.3900	2271.4500	2646.2400	5077.6000	7416.3800	3076.6500	14840.4200	
1234742400000.0000	2181.6300	2380.2900	944.7400	290.5000	1063.6200	6719.2100	2778.0400	25183.8300	10003.1000	1391.1700	5247.2800	3904.2000	3106.0100	57766.0000	3521.1400	1818.6100	1691.6300	4923.7000	10585.4600	2389.3900	18389.0800	
1237852800000.0000	2725.2300	2230.1700	1087.6800	276.1500	1256.7700	4320.7700	2664.3700	30726.3000	16214.1900	1339.8300	4799.9800	3690.0000	2661.6500	39151.0000	3373.7200	2375.8200	1694.2800	6026.4000	9680.8700	2338.4200	21929.9000	
1249603200000.0000	2578.2700	2177.9000	1029.8500	251.2300	1208.3500	4436.9400	2807.2000	28588.2600	9149.3000	1412.8500	4694.0700	3948.1000	3205.3300	38715.0000	3161.1400	2708.1200	2380.5800	5765.5000	10494.7100	3260.6900	20955.2500	
1248307200000.0000	2504.2700	2338.1800	1028.1200	238.1400	1172.5600	6909.0200	3207.2000	28212.8500	14521.8900	1640.3600	5144.0600	4842.6000	3446.6800	55761.0000	3102.4300	2657.4400	2295.2600	5302.3000	9844.3100	3328.4900	20456.3200	
1245196800000.0000	1694.8200	2725.7000	843.7400	268.9900	897.4500	6649.9100	3183.8600	20280.4900	17227.6800	1644.6300	5743.3900	4702.0000	3352.2500	50622.0000	3378.0400	2628.4300	2162.3400	5176.0000	8636.3300	2810.1200	13242.9600	
1240790400000.0000	1465.3900	2647.2000	770.0500	322.3100	889.7100	7972.5900	3090.9000	18324.2300	11403.2500	1614.1200	5554.5500	4464.4000	3261.0600	63913.0000	3827.6000	1704.0600	1925.8100	5432.2000	10202.0600	2405.3500	12699.1700	
1243900800000.0000	2301.0600	2564.7700	994.3500	305.7400	1186.2800	7467.0400	2742.8300	27800.8000	17180.1800	1111.3400	5521.9700	3476.8000	2483.6500	42589.0000	3720.7700	1594.9400	2427.4500	6345.3000	7825.5100	2724.3000	21074.2100	
1255651200000.0000	2010.3200	2118.5700	898.7200	298.6400	1065.8300	5386.5600	2576.6800	23742.4900	15008.6800	1065.9500	4336.7300	3353.0000	2591.5300	58868.0000	3668.3400	2597.3000	2830.0100	6255.2000	9786.2600	2976.6300	17979.4100	
1254355200000.0000	2526.8800	2004.6800	1046.5000	243.6000	1253.8400	7256.9500	3055.4700	29430.5100	8160.4000	1579.2100	4014.6600	4334.4000	3245.7700	39747.0000	2995.8800	2266.0900	2648.0500	6177.0000	10140.4700	2779.4300	21614.7700	
1251244800000.0000	1730.8300	2446.6300	832.8600	229.1300	885.4700	4372.8100	2742.9700	20542.2500	15922.3400	1428.9400	5285.8100	3784.2000	3108.9700	51374.0000	2750.5500	2648.6400	2545.6700	5382.4000	9668.9600	2967.5900	14108.9800	
1231977600000.0000	2527.4800	2192.1500	1049.3400	284.1700	1203.3600	6231.1500	3166.7100	29383.1900	15518.4900	1579.9300	4651.8200	4547.6000	3347.0100	67729.0000	3456.1800	1758.7900	1709.6900	4851.2000	7086.0300	1920.2100	20932.2000	
1235088000000.0000	1689.7700	2672.2400	838.5100	249.6400	879.6700	7768.7100	2616.2500	19630.4600	13769.1500	1243.8000	5444.2300	3586.3000	2550.8200	47227.0000	3082.1600	2639.7400	1601.2300	5950.0000	8842.6800	2261.4800	12776.8900	
1249948800000.0000	2066.5800	2034.6100	921.2300	305.8800	1059.5000	5614.0600	3128.6700	24274.7200	9958.2200	1634.9100	4259.3700	4536.1000	3233.7000	66809.0000	3670.3300	1711.9200	2276.4700	5354.1000	10534.1400	3264.7300	17920.9300	
1246838400000.0000	1816.1100	2636.0100	1091.9400	224.8000	1261.4600	6786.0600	2780.2900	31710.3900	14284.2100	1163.2000	5620.2400	3449.1000	2580.6900	53464.0000	2892.0700	2273.1800	2187.0200	6267.1000	10517.1900	3124.6700	22060.5200	
1261699200000.0000	2122.5900	2135.9100	873.6400	306.9000	967.4600	7687.1500	2784.2700	22079.3400	14324.0100	1383.3400	4374.9600	3894.4000	3134.3200	36741.0000	3730.6100	2805.5000	2207.9400	4966.7000	9420.7500	3141.3500	14956.9500	
1257292800000.0000	2632.1700	2262.0800	942.4600	250.8300	1063.9700	4628.2400	3137.3000	24748.0300	16158.2800	1627.7800	4839.4600	4686.4000	2714.5200	45418.0000	2982.3900	1849.5700	2652.6500	6225.6000	9038.6900	3128.5400	18502.7700	
1238025600000.0000	1411.9500	2726.6100	1106.2400	257.1600	1270.8800	5892.6800	2699.7100	31126.1700	16677.0400	1338.4200	5688.5800	3661.9000	3188.1300	57701.0000	3221.2700	2362.7400	1714.0000	5217.6000	9549.6100	2361.7000	22771.3900	
1252886400000.0000	1912.3200	2191.0900	676.5300	315.4300	953.7100	6809.8600	2815.7100	16964.3600	9090.8800	1378.1400	4704.5600	3932.5000	3268.8500	57048.0000	3785.3000	2797.8800	2468.0000	5421.6000	9789.3500	3026.7400	11344.5800	
1233619200000.0000	2554.8200	2292.7500	841.5000	238.0700	1174.2700	7034.9600	3112.9800	21918.6000	15375.0400	1619.0500	5064.8000	4739.2000	2372.4200	49178.0000	3116.9400	1456.9500	1730.9500	6399.7000	10270.7700	2060.8100	15580.1600	
1245369600000.0000	2404.4200	2796.0600	1028.9300	263.8000	1186.1900	6668.1400	2469.1700	28599.9200	17189.3100	1071.7300	5801.4800	3121.7000	2646.1200	40244.0000	3312.0300	1897.0200	2233.9000	5152.7000	7949.6500	2880.4900	20098.6200	
1260230400000.0000	1985.6100	1836.5200	1012.7300	317.0400	1065.4700	6577.8100	2599.8200	28155.4900	17198.9500	1342.6300	3692.0300	3697.9000	3222.1300	51463.0000	3813.1700	2642.8000	2178.7000	5422.2000	10088.6600	3296.6600	20861.3000	
1240963200000.0000	1812.5400	2091.4300	879.5600	199.2500	894.3600	6197.4700	3109.3400	23468.9800	17223.0100	1607.9400	4557.0100	4495.9000	3293.3500	49814.0000	2519.2900	2614.1800	1990.5100	6410.2000	9862.8200	2468.1900	17721.0700	
1244073600000.0000	1994.0300	2574.4300	931.8000	235.4500	1012.0100	7463.0500	3128.8500	23250.9600	10947.4000	1564.6400	5517.3500	4436.7000	3061.4500	64466.0000	3000.2200	2259.7700	2338.9000	4307.7000	8977.3700	2767.2400	15042.8100	
1258934400000.0000	1941.4900	2491.8300	909.7100	300.2000	1044.4800	7440.2400	2750.6000	23935.4900	16866.4100	1431.0200	5401.1100	3766.0000	2436.5200	60411.0000	3693.1400	1829.7100	2448.3600	5099.3000	9441.6400	3338.6600	17022.9100	
1236556800000.0000	2561.1200	2162.5600	895.1000	290.0200	1260.7600	4363.2500	2715.7100	23496.3900	9329.5700	1157.4000	4572.6500	3655.7000	3055.2100	41109.0000	3524.3900	2176.9800	1469.4100	6211.6000	10336.8400	2118.7500	17538.3700	
1239667200000.0000	2582.5900	2336.3800	1069.3000	244.6300	1212.9800	7028.4300	2777.8600	29868.6200	8822.0600	1386.6800	4973.0700	3721.6000	3022.2200	54549.0000	3009.7100	2226.1000	1901.0000	5986.7000	7376.1200	2527.1800	21829.7200	
1251417600000.0000	1691.3800	2317.0500	1068.7600	258.2300	879.9500	7677.9100	2762.0100	19736.9600	13504.2200	1360.5400	4851.9600	3793.0000	3364.2300	68728.0000	3349.6900	2658.2100	2540.4000	5289.4000	8755.2600	2860.6900	21402.9200	
1250121600000.0000	2242.9700	2203.7000	845.8500	259.1700	1156.4300	7756.3100	3160.1600	26815.3000	17401.5600	1572.4600	4707.1500	4604.4000	3272.9000	67917.0000	3245.3900	2674.4200	2322.7700	5533.6000	9674.4900	3140.5600	13178.9000	
1247011200000.0000	2491.7200	2691.5000	982.1800	248.6900	1259.9000	7753.5200	3117.5800	31916.6000	14060.6600	1683.3300	5488.2500	4652.8000	2627.0800	65303.0000	3116.8200	1704.6000	2163.2200	5435.1000	8256.8500	3080.7700	20251.6200	
1230854400000.0000	2583.2800	2690.9700	1102.3500	307.1400	990.7400	4759.9600	2773.5000	31364.0400	14345.6200	1177.8800	5700.2600	3372.6000	3239.8000	38805.0000	3707.2900	2576.6600	1811.8300	5321.3000	7268.5600	2652.7800	21700.0400	
1242604800000.0000	2752.3900	2174.8300	877.5200	312.7600	1271.0000	5997.1700	2998.0100	31000.9400	17097.5500	1524.0500	4510.4900	4147.8000	3361.0800	46025.0000	3813.7900	2781.8600	2171.2600	6293.6000	9287.2800	2892.7000	15520.9900	
1245715200000.0000	1450.0700	2392.0000	1110.6300	252.5100	1265.7400	7437.9800	3132.2800	17790.6900	9568.1400	1652.7300	5251.5500	4622.9000	3254.2900	62369.0000	3066.2900	1920.2800	2167.2500	6299.9000	10638.0600	3164.0400	22611.8000	
1257465600000.0000	1860.6800	2733.7300	1091.0600	278.1400	850.3700	4366.7600	2719.9200	22189.2000	12131.0800	1611.8800	5709.0200	3737.9000	3445.1600	38828.0000	3372.3600	2792.8400	2701.4200	5106.9000	9344.6400	2999.7100	22384.9600	
1253059200000.0000	2501.0000	2223.4200	721.3600	317.6900	961.2800	4430.1800	3115.3900	29214.4000	16741.3000	1659.1500	5803.0200	4741.0000	2428.4100	49221.0000	3798.3800	2711.0900	2550.1300	5774.9000	9796.0800	2098.0200	11930.6600	
1233792000000.0000	1642.6800	2796.7600	865.3000	318.2400	1216.4500	6769.8600	3252.5600	20393.4100	15173.4600	1127.5100	5811.7700	4852.8000	2686.2900	68296.0000	3809.1600	1505.5100	1715.5700	6410.6000	10105.6800	3435.2100	15582.9900	
1248652800000.0000	1428.5400	2752.3100	1040.4600	324.9200	890.2800	8053.8300	2497.5100	18296.1100	8674.3500	1336.7200	3914.1000	3199.1000	3390.7200	51245.0000	3871.4500	1891.7500	2344.0400	5225.9000	8236.0800	3254.2600	20429.0700	
1260403200000.0000	1960.1000	1915.3800	773.1400	210.3300	894.0700	6703.6200	2663.1400	23656.2600	16632.0100	1606.9000	4609.4600	3725.6000	2501.9300	51515.0000	2674.2000	2583.7300	2214.0000	6422.2000	10370.5400	2477.5700	13339.9900	
1241136000000.0000	2502.8500	2123.4800	879.1300	238.4900	1067.7600	6457.6100	3138.7200	32626.2900	16789.7400	1150.6500	5508.8500	4579.3000	2545.4300	69349.0000	3038.1800	1746.9900	2053.7400	6427.3000	10113.2400	3290.1700	12798.5200	
1259107200000.0000	2106.8800	2633.4700	1126.2000	301.2200	1275.2200	7819.1300	2747.9800	24399.6000	14665.9200	1063.8800	4316.1400	3531.0000	3081.2800	40653.0000	3675.0100	1614.4400	2372.6100	4577.0000	7745.2500	3084.4500	17708.4200	
1255996800000.0000	2045.4900	2113.1300	903.4700	245.2200	1042.6300	5206.0500	2487.5300	24245.7100	8756.6100	1428.6200	3895.7500	3285.0000	3563.1800	50670.0000	2989.6900	2307.9800	2892.8200	5164.0000	9081.5200	2139.0200	21499.4400	
1236729600000.0000	2505.5300	1967.5700	920.2600	222.5500	1074.1100	6379.9400	2738.2800	32009.8800	16806.6600	1672.4800	4576.3100	3790.6000	3052.4200	60703.0000	2708.0500	2869.7600	1538.1700	6162.9000	10267.1700	2534.1300	17475.8400	
1239840000000.0000	1620.5400	2156.1100	1114.1100	243.2000	1265.4500	7526.5500	3225.1300	19530.1500	15551.1900	1435.7000	6011.5500	4856.7000	3071.4600	53735.0000	2983.1000	2269.2400	1973.2500	5381.4000	9865.6300	2779.4300	18275.0300	
1254700800000.0000	1998.1000	2835.4700	787.5300	337.2800	869.3400	7083.6300	2801.0800	23430.2400	8779.1700	1392.7300	5038.9400	3808.9000	3465.4900	38132.0000	3959.9800	2302.4600	2581.0700	4723.0000	7569.2800	1986.6700	22085.7500	
1232323200000.0000	2588.8000	2332.8300	903.8000	266.3000	1008.8700	6628.0200	2770.6600	29942.0000	8954.8600	1664.7700	4800.5600	3851.5000	2494.0700	67082.0000	3303.3700	2799.5400	1660.0400	5237.8000	9799.6000	2200.6500	13456.3300	
1235433600000.0000	2207.1400	2219.4800	1068.3000	254.1200	1221.2000	7490.9100	3098.8000	26516.5000	14784.9200	1197.4600	5802.2600	4668.2000	2775.5200	66135.0000	3163.1000	1673.1400	1545.4000	6608.5000	10530.0600	3113.9300	16430.0800	
1247184000000.0000	1563.0800	2769.2100	975.1500	322.5100	1164.4800	7607.9300	2641.9900	19348.8100	17464.8100	1699.7100	3989.2300	3554.2000	3229.3000	53630.0000	3830.4400	2074.3500	2106.1300	5509.3000	7901.6400	3211.7600	21623.4500	
1262044800000.0000	2527.1700	1954.2200	831.9500	211.1100	872.6900	4897.3900	2819.0500	24932.8800	10335.9300	1524.3200	4853.0300	3862.2000	2494.9300	39015.0000	2719.3400	2647.9100	2196.0300	5361.3000	7457.9300	2651.4100	20135.5000	
1242777600000.0000	2670.3100	2276.0600	939.1400	252.1600	1072.8500	7608.6600	3156.4600	30775.4500	13887.1500	1093.4000	5703.8300	4693.7000	3222.2200	62638.0000	3225.0000	2604.0600	2309.7900	6433.1000	10268.6100	2925.0500	12578.6000	
1245888000000.0000	2117.5200	2713.4400	1091.4900	313.6300	1260.0200	7019.7500	2990.4700	30761.7600	16912.7700	1393.3000	5270.3200	4148.9000	3414.2700	55815.0000	3827.8400	1685.2300	2177.0300	4745.8000	9080.8400	3302.9000	18253.3900	
1260748800000.0000	1491.7000	2370.1200	1092.9100	277.3200	843.4500	4247.9700	2705.0900	19437.0100	16440.5600	1524.5000	4178.9400	3300.3000	3200.0800	38543.0000	3365.6200	2333.7000	2216.9400	5280.9000	9225.8100	2358.0400	21134.5000	
1238371200000.0000	2605.3300	2082.8100	756.5500	234.1400	1218.6100	4518.5600	2816.6200	29763.3700	9901.9900	1630.3300	5004.7200	4597.2000	2444.5700	38180.0000	2849.1400	2762.2200	1629.6800	6325.1000	10177.4100	2567.3400	22210.5200	
1241481600000.0000	2463.9100	2302.1500	1057.5800	262.3900	1171.2800	6931.8000	3094.4400	27749.1600	12116.9400	1126.0300	5685.6100	4818.8000	3429.2700	55218.0000	3289.6600	2681.9700	2160.4700	5787.2000	9870.7300	2962.6700	12525.8000	
1253232000000.0000	1612.6900	2736.9900	998.0400	309.5200	873.4100	8188.1100	3201.7000	19497.1000	16740.5000	1598.0000	5762.9300	3294.7000	3132.5500	42312.0000	3721.4500	1577.5200	2555.3700	5306.9000	8351.9100	3266.4300	21241.5900	
1248825600000.0000	1482.7100	2729.7100	840.2400	320.6900	893.4200	4727.2600	2523.3900	18047.1600	9583.8900	1623.0600	3953.6000	4695.9000	2470.3300	50568.0000	3820.8500	2634.6300	2276.1800	5391.7000	9385.7000	1990.6600	19872.3000	
1232668800000.0000	2324.9800	1947.7800	752.8300	211.7400	1169.0500	6737.2900	3141.1900	27299.5800	8863.8200	1103.6100	5640.7500	4511.3000	2516.9900	68622.0000	2705.6300	2596.3900	1663.3900	6336.7000	10362.6200	2768.3400	12583.6300	
1244419200000.0000	2053.8800	2681.1100	979.7300	309.2100	1272.7800	7751.6000	3084.6800	32120.4700	15670.3100	1054.7900	5327.2900	3394.8000	3262.3100	66303.0000	3756.4100	1704.5200	2372.2600	6405.9000	7969.0300	3096.2600	12894.9400	
1259280000000.0000	2482.6300	2526.2800	1115.1000	291.0000	922.2300	7593.4900	2705.0400	23005.4100	14250.2500	1547.0600	4261.1500	3297.4000	2504.0400	41976.0000	3583.4400	1617.4400	2257.4300	4726.7000	7949.1300	3051.4100	20137.6500	
1256169600000.0000	2593.8900	2088.7600	934.7000	237.7100	1045.2600	5314.4500	2497.4300	24093.2400	15466.8100	1194.2800	3942.6200	4398.1000	3062.9700	50058.0000	2905.5700	2545.9800	2811.2600	6260.1000	10356.8300	2128.8500	21872.5000	
1236902400000.0000	1711.5500	2021.0100	887.0000	223.6700	1269.0300	6572.8700	3086.0800	31956.2500	-5.0000	1403.7500	5201.6100	4882.7000	3483.1100	65086.0000	2744.8400	2897.6200	1557.7700	6128.2000	9344.1600	2779.4300	15509.5100	
1254873600000.0000	2068.7100	2433.5000	1109.1800	282.0100	1274.0800	7668.4000	3230.1500	30788.2000	-5.0000	1664.2400	5957.4300	3689.2000	3389.3700	42100.0000	3419.6900	1913.6600	2692.4200	5304.2000	9991.4900	2683.7200	17062.5200	
1251763200000.0000	1746.1500	2823.7300	1093.0100	335.3300	884.1800	4494.5900	2783.3800	19880.3700	-5.0000	1582.3000	5026.3100	3755.4000	2517.1800	39511.0000	3936.3300	2245.2700	2509.5200	4770.8000	-5.0000	1985.0200	21611.7400	
1232496000000.0000	1544.9200	2380.9700	811.0800	269.2700	1023.4700	5041.3900	2760.5400	23589.4000	-5.0000	1233.3600	4918.7500	4676.1000	2814.3100	54766.0000	3396.2200	2813.9300	1702.7300	5883.7000	-5.0000	2121.2500	22268.1600	
1235606400000.0000	2250.1900	2278.4900	907.3900	260.1400	1259.9200	7077.7100	3132.3000	30280.0800	-5.0000	1401.0800	5903.4300	4744.0000	3405.5600	51918.0000	3227.9700	2707.6000	1541.4300	6545.9000	-5.0000	2870.6300	13519.5400	
1250467200000.0000	2124.8400	2775.2100	1066.9500	328.6100	841.8700	6462.2700	3167.4100	20537.1000	-5.0000	1657.1100	5613.2000	3527.2000	2696.2700	53411.0000	3875.8200	1702.2600	2309.6300	5799.3000	-5.0000	3277.1400	17217.8900	
1262217600000.0000	2189.1200	2733.2400	869.8900	313.2600	1174.9000	6780.3000	2569.2400	19325.0500	-5.0000	1202.6900	4131.0700	3912.1000	2482.0400	-5.0000	3785.5900	2241.6000	2196.1600	5409.3000	-5.0000	1937.1500	22589.7300	
1242950400000.0000	-5.0000	2054.2500	778.1200	220.7000	1108.8800	-5.0000	2854.8700	27043.5000	-5.0000	1163.8800	4804.1000	4832.6000	3226.2000	-5.0000	2839.6100	2716.6200	2280.1500	6532.3000	-5.0000	2597.6000	13769.0600	
1260921600000.0000	-5.0000	2302.5600	987.4800	256.6900	1082.9700	-5.0000	3192.4700	25735.5600	-5.0000	1557.2900	5642.1600	3445.8000	3247.0800	-5.0000	3251.5200	1682.3400	2222.1400	6369.1000	-5.0000	3255.2100	12878.0900	
1257811200000.0000	-5.0000	2717.7500	940.7400	312.6500	-5.0000	-5.0000	2766.5600	25183.7200	-5.0000	1432.2200	4666.8200	3393.4000	-5.0000	-5.0000	3744.4500	1559.0300	2652.6800	5014.9000	-5.0000	3178.6100	20573.3300	
1238544000000.0000	-5.0000	2220.5800	939.1500	262.7200	-5.0000	-5.0000	2564.7200	-5.0000	-5.0000	1414.8800	3987.7700	4249.5000	-5.0000	-5.0000	3134.8700	2659.2000	1678.7200	5325.6000	-5.0000	2408.0200	18785.6600	
1241654400000.0000	-5.0000	1997.1700	-5.0000	210.8700	-5.0000	-5.0000	3016.2000	-5.0000	-5.0000	-5.0000	5332.1400	4016.3000	-5.0000	-5.0000	2767.2800	2391.2200	2141.2300	6303.4000	-5.0000	2597.4500	18361.8700	
1256515200000.0000	-5.0000	2406.6900	-5.0000	283.1700	-5.0000	-5.0000	2827.9700	-5.0000	-5.0000	-5.0000	5051.1800	3987.8000	-5.0000	-5.0000	3426.2700	2401.0200	2781.1300	5158.5000	-5.0000	3109.5700	-5.0000	
1234137600000.0000	-5.0000	2318.1600	-5.0000	266.9600	-5.0000	-5.0000	2801.5100	-5.0000	-5.0000	-5.0000	4957.1900	-5.0000	-5.0000	-5.0000	3315.2700	-5.0000	1768.1800	4813.8000	-5.0000	2224.7100	-5.0000	
1237248000000.0000	-5.0000	2277.2900	-5.0000	263.4800	-5.0000	-5.0000	-5.0000	-5.0000	-5.0000	-5.0000	-5.0000	-5.0000	-5.0000	-5.0000	3199.6800	-5.0000	1584.1000	5950.7000	-5.0000	2218.3300	-5.0000	
1248998400000.0000	-5.0000	-5.0000	-5.0000	-5.0000	-5.0000	-5.0000	-5.0000	-5.0000	-5.0000	-5.0000	-5.0000	-5.0000	-5.0000	-5.0000	-5.0000	-5.0000	2362.3500	5436.4000	-5.0000	3412.0600	-5.0000	
1244592000000.0000	-5.0000	-5.0000	-5.0000	-5.0000	-5.0000	-5.0000	-5.0000	-5.0000	-5.0000	-5.0000	-5.0000	-5.0000	-5.0000	-5.0000	-5.0000	-5.0000	2376.1100	5538.6000	-5.0000	2816.2500	-5.0000	
1247702400000.0000	-5.0000	-5.0000	-5.0000	-5.0000	-5.0000	-5.0000	-5.0000	-5.0000	-5.0000	-5.0000	-5.0000	-5.0000	-5.0000	-5.0000	-5.0000	-5.0000	2213.4900	-5.0000	-5.0000	3183.7400	-5.0000	
